33273172
23026359
36596785
30239861
37232835
37499114
33069197
28096729
20461477
28516751
36599191
24858213
27250576
18952580
17032559
15612600 
26245798
31632393
19238661
1361524 
16778750 
34061562
9879457 
20521177 
30935361
11900859
10652582 
25054358
15993075
11051794 
12216107 
16245217 
27463526
19959008
10100707 
11151727
2643496 
4027919 
6098128 
11408092 
27546018
2558501
17725214 
20714783
3729310 
11816741 
23944103
7582248 
7651591 
9949905
1016286 
7793096
3801549 
16900783
26147736 
33071276 
33711670 
35095931
25241806 
28844173
1798908 
19618856 
25398846 
32536682
23251672 
32325928 
33926682 
36197833
2192793 
7546012 
8597115 
22497851 
34259035
3808569 
7882284 
28395087 
30714717
3900810 
15756927 
31917601
1608541 
7745467 
28493234 
35436952 
37071297
19587462 
25783972 
35290489 
35715607
18046441 
20708548 
22490764 
30835699
15877531 
26294301 
32648041
25792036 
27688263 
12456378 
34864569
2464270 
7843802 
12271162 
16988585 
22208896 
25797780 
28445970 
29676036
22891953 
24169416 
25139406 
25866775 
35543860
8367211 
25037494 
26848558 
27281939 
27764145 
29719137 
35704146 
36191126
3973708 
11134091 
11496317 
19107440 
20860895 
24896362 
34739635
15816119 
24881141 
25037493 
31918786 
32681571 
33821340 
36841424
6964044 
10895165 
20075834 
29429648 
32672118
13680293 
15612598 
15757449 
18384511 
22238331 
22528799 
22815729 
24061639 
24864257 
25175689
2812355 
7931595 
8402649 
11120864 
12722932 
17157785 
21532007 
29791066 
35532094
3560451 
6384434 
7807193 
11342692 
12271818 
15645005 
17593388 
21081881 
31749132 
35526519 
36154607 
36314394
2288775 
2990597 
3099535 
7965140 
10597192 
15612602 
19770657 
21722062 
26269128 
28875730 
30398472 
30637075 
33049111 
34806136 
35419084
1648677 
8329302 
8494908 
8741689 
9241081 
10850867 
15593389 
19322535 
19664069 
21655075 
25142793 
26556212 
28303493 
29093006 
29545606 
29802595 
29890272 
34556677 
35064353 
35067500 
36180511 
36400017 
36421349
1695101 
2262373 
2395512 
3213427 
7794250 
9503517 
17538177 
20402394 
21533813 
26993776 
28339700 
28967635 
29391205 
37743328
2080375 
3496430 
6761344 
25768332 
25985759 
26336203 
30485195 
36509907 
37372381
1583854 
3729448 
8393842 
9482679 
10667228 
12724228 
15612603 
24328865 
25519303 
26948345 
27250577 
27830712 
28327649 
33637807
189021 
6303729 
17877822 
18154656 
19357959 
23037605 
23121055 
25382612 
26905869 
29687323 
33245712 
36365900 
36720920
1456739 
1743696 
9407934 
16551993 
19960227 
20536289 
22520479 
28453743 
28748347 
29241354 
30255939 
31162240 
31553454 
32966846 
33223031 
36242636
2274129 
2667588 
2750486 
7538161 
8657489 
9804370 
10049993 
10896208 
10928105 
17244552 
18521796 
21129060 
21914837 
22294272 
24998288 
25976260 
26459515 
30961828 
31123752 
34092558 
34509751
522954 
1020546 
2997416 
6086852 
7523634 
7692323 
12168843 
12357552 
15485315 
17447046 
17906911 
17939769 
17987960 
18374501 
19409045 
21768887 
22632886
22647729 
22821367 
26376741 
28073783 
28691414 
30993541 
31853548 
33668202 
33893923 
34054040 
34092569 
34623468 
35710426 
35768633 
37624529
1882640 
3572470 
3812039 
7509461 
8008171 
9205070 
12705813 
15328205 
17636068 
18798534 
19159078 
19333441 
19430698 
20175962 
20886568 
22350668 
22533851 
23302230 
23909061 
24060923 
25468226 
25866320 
26026669 
26174616 
26983830 
28582392 
29322427 
29464548 
29558958 
33632416 
33673696 
35140243 
35259916 
37368542
1407435 
1710320 
1789685 
2992677 
6401866 
6577813 
9252700 
9503511 
9818841 
12140754 
12241105 
12722674 
14727688 
15015671 
15236125 
16030117 
17721931 
18000980 
18648328 
19182242 
19804368 
21837651 
22390560 
22528793 
22702213 
24509903 
25657334 
27072750 
27835870 
27984470 
28797854 
29478614 
29506669 
32377829 
32965590 
33440687 
34303558 
34613491 
34864576 
35098162 
35451676 
36597214 
37488051
1967302 
2352372 
2396538 
3488031 
4005831 
7007589 
7443176 
8621248 
8699239 
10023002 
10885653 
11064393 
12564764 
15140402 
16330944 
17262828 
17825381 
18831033 
18852721 
19957013 
19960230 
20336349 
20425041 
21082214 
21352694 
21577129 
21992729 
22138445 
23246627 
23638079 
23775285 
26094595 
26328970 
26424903 
26948360 
26989915 
27265024 
27526097 
27907162 
29307364 
30629215 
33239357 
33270865 
34139452 
34472741 
34548850 
35350069
1407341 
1450489 
1992913 
2409734 
3001488 
3020865 
3976624 
8113867 
8287355 
8621289 
10746685 
11055797 
11126911 
11136998 
12092682 
12197239 
15249715 
15469606 
16132504 
18412241 
18952584 
19369008 
21082387 
23116076 
23211553 
23801675 
24453059 
24589977 
26002233
26926067 
27454352 
27935156 
28319499 
28625831 
28707595 
28993028 
29035190 
30528355 
31106606 
32481723 
32725495 
32729271 
32841063 
33050329 
34433223 
35163563 
35566032 
35641277 
35676737 
36800342
1690593 
7808603 
7900450 
8005794 
9210058 
9447625 
9703825 
11358858 
11780459 
11831641 
16266053 
19076777 
19802719 
20192643 
21165751 
21416251 
21955925 
22385786 
22760419 
23272238 
23550771 
23555736 
23618919 
23789953 
24481542 
24651295 
24839957 
24894847 
25017328 
25529918 
26521944 
27323862 
27493954 
27834580 
28431179 
28570587 
28819084 
29071695 
29749540 
29931654 
30417218 
30614197 
34210107 
34591198 
34636248 
34681949 
35230562 
36703985
1374918 
1423198 
2113427 
2527972 
2679824 
6097099 
8725198 
8898288 
8974619 
9293789 
9427964 
10581847 
10964598 
17250431 
17912447 
18390424 
18405078 
18952578 
19244127 
19337502 
19948061 
20882288 
21165612 
21631192 
21999731 
22843378 
23052697 
23209575 
24599439 
24944262 
25003486 
26993514 
27029475 
27253224 
27889021 
27991551 
28969482 
29124520 
29158366 
30478893 
30693642 
30710869 
30855176 
31611541 
31725772 
32691644 
34663805 
34680039 
34769212 
35179776 
35409080 
35984480 
36357437 
36674461 
36975416
2296651 
2442448 
2697177 
2980514 
3259730 
3359443 
6259745 
6738895 
7139569 
7745469 
8239906 
8629400 
8883072 
9080351 
9264362 
9657495 
10440107 
10541237 
12963964 
14977201 
15113479 
16244591 
16440698 
17239827 
18095136 
18665745 
19038344 
19433011 
19965287 
20965731 
21400119 
22617234 
22816225 
23139079 
23429371 
24859855 
25054580 
25742877 
25899850 
27367682 
28770964 
29196975 
29455216 
29632053 
30644008 
32020379 
32652442 
32672123 
33406116 
33931452 
34229297 
34463447 
34795224 
35102991 
36587380 
37368539
1443043 
1518162 
1682794 
2645835 
3329864 
3808167 
7745466 
8060132 
9151220 
9525810 
12503076 
16772875 
16861159 
17078789 
18652516 
19022744 
20045420 
20862485 
21327735 
21436507 
21533524 
21553248 
21784068 
22293950 
22504484 
23638625 
23691191 
23751126 
24141276 
24590691 
25651788 
25970776 
26439689 
27289473 
28716813 
29385679 
29871908 
30079884 
30900987 
31041803 
33617688 
33640445 
33692222 
34235627 
34613580 
34915356 
35408879 
36374473 
36825454 
36977844 
37047356 
37304294 
37353350 
37466094
980206 
1331348 
1667249 
8741370 
10326223 
10866346 
11415902 
12060344 
15024957 
15683117 
15700835 
16158215 
16398466 
16599187 
17236582 
18349284 
18533921 
18624795 
20184546 
21896959 
22528798 
23084660 
23690717 
23844359 
25608485 
25652347 
25667480 
25911198 
26543495 
28341992 
28525188 
28629376 
28816956 
29512467 
29848970 
30343678 
30442087 
30504543 
30883663 
31187845 
31235670 
32643065 
32727112 
32857483 
33754155 
34206482 
34940899 
35535842 
35667619 
36015874 
36634606
2334169 
3079493 
3550502 
3683879 
3783265 
7531379 
7795725 
8692923 
8832653 
8900378 
9361058 
10487247 
11344821 
12068368 
14604226 
15812594 
15899798 
16990846 
17257132 
17500046 
18490242 
18952583 
19086439 
19099672 
19456208 
19764565 
19927122 
19934302 
19965107 
20211708 
20801625 
21824890 
22385171 
23051935 
23585688 
23731617 
24015044 
24260161 
24384239 
26197410 
26359420 
26863415 
27197198 
27438020 
27584684 
28148893 
28260349 
28410147 
30484013 
30952038 
31142339 
32051289 
32124185 
32202737 
33066121 
34534142 
37074422 
37154861 
37407888
2771068 
7568827 
7700478 
7970182 
8301315 
8527397 
9015080 
9743957 
10379337 
10552096 
10850451 
10982004 
11837537 
15164981 
15547706 
15905615 
17415198 
19333229 
21298772 
21861197 
23260029 
23826410 
23889991 
24067777 
24337497 
24418786 
25450387 
25467557 
26564071 
27273091 
27761401 
28486641 
28976991 
30054805 
30609184 
31044567 
31194284 
31355493 
32921348 
33028729 
33471214 
33690230 
33813026 
34198284 
34749021 
34979640 
35877201 
35922753 
35986378 
36627748
3729491 
3902206 
4056902 
6544119 
7198835 
8164058 
8523105 
9190699 
9500473 
10935229 
11765844 
12379912 
12456339 
15897582 
16198917 
16475710 
17562554 
18607344 
19164945 
19633924 
19723323 
20814658 
21150307 
21786247 
22397453 
22781957 
23340650 
23412799 
23585630 
23771511 
23918147 
23984324 
24445767 
24857059 
25868602 
26429860 
27115743 
28116231 
28647417 
29930212 
30060998 
30681550 
31570099 
32719487 
33693781 
34081276 
36728558 
36847997 
37433071 
37743337
2605041 
2759715 
6174892 
7516104 
8213081 
8586464 
8876132 
9876472 
10206462 
10401596 
11197866 
11310919 
12002056 
15565811 
15853207 
16389943 
16804715 
16872076 
16961139 
18445660 
19249579 
20108752 
22110653 
22139378 
22362370 
22683220 
22691544 
23618424 
23948902 
24825818 
24857135 
25062303 
26022855 
26197301 
26411769 
26448931 
27134530 
28104717 
28499219 
29322428 
29876248 
30267146 
31820275 
32553924 
33349075 
35179708 
35347632 
35456971 
35487285 
35830573 
36516487 
36577872
1286726 
1383844 
2141872 
2681875 
8509820 
8740561 
10374339 
10531783 
11152340 
11563634 
11826363 
12403562 
12567456 
14522905 
15624764 
17541421 
17909991 
18647264 
18768229 
19273072 
20118657 
20167814 
20635435 
22569092 
22644987 
23143294 
23265347 
23621605 
23700325 
23805239 
24328868 
24374326 
24640739 
25022336 
25051370 
25646527 
26713744 
26991680 
27251756 
27893285 
28030635 
28103265 
29028584 
30693650 
30990928 
31375903 
31625676 
33342004 
33860759 
34376622 
34424912 
34591980 
34699548 
34984433 
35018523 
35240798 
36167467 
36290819 
37306749
1919678 
2180410 
2415284 
2697376 
9100674 
9825943 
10201297 
10572718 
11095486 
14565163 
17503347 
18288395 
18768900 
19183852 
19560744 
19960231 
20644517 
22104961 
22297399 
24842956 
24937369 
25105827 
29135108 
29621934 
33502214 
34105205 
34427324 
34817716 
35181800 
37533851
51071 
1738033 
2213114 
2541957 
3499584 
8121549 
8418502 
10651020 
12814248 
17483310 
18396787 
20589659 
21129063 
21317885 
21674763 
21879178 
22821382 
23625089 
24921708 
26935297 
27680329 
27712796 
28657708 
29693348 
30406339 
30672167 
31090175 
33476393 
33972919 
34570449 
36717507
7848917
11837749 
25464144