20461477 
23026359 
28096729 
36596785 
37232835 
37499114
18952580 
24858213 
26245798 
27250576 
31632393 
36599191
19959008 
20714783 
27546018
26147736 
33071276 
35095931
23251672 
25398846 
32325928 
32536682 
33926682 
34259035 
36197833
30714717 
35436952 
37071297
20708548 
22490764 
26294301 
27688263 
30835699 
32648041 
34864569 
35290489
12271162 
22208896 
22891953 
25797780 
25866775 
28445970 
29676036 
35543860
26848558 
27764145 
29719137
32672118 
32681571 
33821340
22815729 
24864257
21081881 
21532007 
35532094
21722062 
26269128 
35526519
28875730 
30398472 
30637075 
33049111
19664069 
21655075 
26556212 
29093006 
29545606 
34556677 
35064353
36180511 
36421349
25985759 
26336203 
26993776 
30485195
25519303 
27250577 
36509907 
37372381
17877822 
18154656 
23121055 
26905869 
27830712 
28327649 
33637807
19960227 
33245712 
36365900 
36720920
29241354 
30255939 
31553454 
32966846 
33223031 
36242636
21914837 
24998288
30961828
17906911
22647729 
28073783 
33668202 
33893923 
35710426 
37624529
18798534 
19333441 
20886568 
22533851 
23302230
24060923 
26174616 
26983830 
28582392 
29558958 
33632416 
33673696 
35140243
35259916 
37368542
21837651 
22390560
24509903 
25657334 
27835870 
27984470 
28797854 
29506669 
32965590 
33440687 
34864576 
35098162
35451676 
36597214
18852721 
19957013 
19960230
21082214 
21352694 
21992729 
23246627 
23638079 
26094595 
26424903 
26948360
26989915 
27265024 
27907162 
29307364 
34139452 
34472741 
34548850 
35350069
15469606 
18952584 
23116076 
23801675 
24589977
26926067 
27454352 
28319499 
28625831 
28707595 
29035190 
31106606
32481723 
32729271 
32841063 
33050329 
35163563 
35566032
35676737 
36800342
19802719 
22385786 
22760419
23272238 
23555736 
23618919 
24651295 
24839957 
24894847
26521944 
27323862 
27493954 
28570587 
28819084
29749540 
30417218 
30614197 
34210107 
34636248 
34681949 
35230562 
36703985
18952578 
19244127 
19337502 
19948061 
20882288 
21165612
21631192 
22843378 
23209575 
26993514 
27253224 
27889021 
27991551
28969482 
29124520 
30710869 
30855176 
31611541 
31725772 
34663805
34680039 
34769212 
35179776 
35409080 
36357437 
36674461 
36975416
19965287 
21400119 
25742877
27367682 
29196975 
29455216 
30644008 
32652442 
32672123 
33406116 
33931452
34229297 
34795224 
37368539
20045420
21533524 
21553248 
22293950 
22504484 
23638625 
23691191 
23751126
25651788 
25970776 
26439689 
27289473 
29385679 
29871908 
31041803 
33617688
33640445 
33692222 
34613580 
35408879 
36374473 
36977844 
37047356 
37304294 
37466094
15683117
18624795 
20184546 
21896959 
22528798 
23690717 
23844359 
25608485
26543495 
28629376 
28816956 
29512467 
29848970 
30343678 
30442087 
31187845
32643065 
32727112 
32857483 
33754155 
34206482 
34940899 
36015874
17500046 
18952583 
19456208 
19934302
24015044 
24260161 
24384239 
26197410 
26863415 
27197198 
27584684 
28148893
28410147 
30484013 
30952038 
31142339 
32051289 
32124185 
33066121 
34534142 
37074422 
37154861 
37407888
19333229 
23260029 
23889991 
24067777 
24337497 
24418786 
25467557 
27273091
27761401 
28976991 
30054805 
31355493 
32921348 
33471214 
33813026
35877201 
35922753 
35986378 
36627748
18607344 
19164945 
19723323 
21150307 
22397453 
22781957 
23340650
23585630 
23771511 
23984324 
24857059 
26429860 
28116231 
28647417 
31570099
7516104 
32719487 
33693781 
34081276 
36728558 
36847997 
37433071
18445660 
20108752 
22110653 
22139378 
22362370 
22683220 
22691544
23618424 
24825818 
25062303 
26197301 
26411769 
26448931 
27134530 
29322428 
29876248 
30267146
35456971 
35487285 
36516487 
36577872
19273072 
20635435
22569092 
22644987 
23143294 
23265347 
23621605 
23805239 
24328868 
25051370 
26713744 
26991680 
27251756
28030635 
28103265 
30990928 
33342004 
34424912 
34699548 
35018523
35240798 
36167467 
36290819 
37306749
18768900 
19560744 
19960231 
20644517 
22297399 
29621934 
34817716 
35181800
20589659 
37533851
24921708 
27680329 
27712796 
28657708 
29693348 
30406339 
30672167
25464144 
31090175 
33476393 
33972919 
34570449 
36717507