28260448
6761344
20511189
36509907
6438122
1489556
3496430
37372381
25768332
30485195
26336203
34424841
25985759
23612260
36093875
35192380
2674351
227593
31656295
23503393
36198894
28848203
2080375
27761184
25895711
26691945
22306489
33386024
22354791
17238362
16787638
16760552
23595806
27788421
15855895
9322415
1944103
17058135
24328865
18717198
26948345
2054802
27830712
18807520
19836065
8393842
28327649
12724228
4031973
2031197
11448067
27428485
1851283
10667228
25457544
25519303
6298652
36529263
2585073
15612603
19378301
19751875
2674757
27334556
1881318
35346454
29451858
12382150
29209687
9482679
29909138
3494861
2195142
1320218
2643689
27250577
17622854
10765122
3729448
8413953
9311063
1483261
33637807
23291791
9794285
12375452
16221059
8797316
10875111
8080852
10432434
20235192
9950501
1583854
23127086
28646252
22641073
18341404
36365900
11847035
7113699
11854105
6403430
37055222
26905869
27352438
6303729
21903235
29687323
19357959
37287263
31017880
25873586
6652247
17877822
23121055
10730636
4056855
33245712
8297420
20888350
22150001
2598535
3309454
36720920
37582199
9177089
7346151
9874296
18154656
18422401
36567109
2523456
17906461
2355890
189021
23037605
25950583
1460453
33352608
25382612
7279131
22037087
29301780
6613923
9407934
36242636
15542976
7807191
15015553
16769418
3810463
21070076
1992910
1456739
2102293
33386008
14610797
16689400
16669603
16206658
9374344
22520479
9140846
12546355
1180727
25975134
31553454
34092553
33501845
10883369
28748347
19960227
20536289
28453743
9753999
19139821
23318534
8738828
27067980
7420270
15485612
1658905
2837993
1743696
9027887
7294733
16551993
2992021
34302860
37119099
30255939
33768312
35704275
29371158
31162240
9188539
33223031
8048314
24006776
1715047
19513974
3867255
32966846
12873684
1651461
29241354
16219821
2855459
19076779
36152217
21469420
37030987
12485251
7848123
15548356
15937653
2274129
7709799
11158892
214877
15743547
11845703
34092558
22350376
153318
22821090
2750486
10049993
448419
14686709
17266469
26459515
9126301
25976260
35451698
24998288
35788556
10955504
31768995
33523555
30414495
9351021
9650892
22294272
12908112
21890158
15510986
25455880
21295690
17244552
22379614
25790138
30961828
29471057
2144999
1538422
36426531
8255387
34406634
10222422
8657489
31838789
7538161
23115057
27875627
2207360
2121212
11216919
7898284
21914837
1489557
34509751
31123752
20802874
14526475
10896208
27638340
31788869
18949900
16778749
35037155
21757809
15648297
22653863
1656312
24036675
17635965
33837419
17608355
25669487
35687645
11410888
7651119
2080377
25173146
36587379
31063432
2997863
10928105
10199334
16614945
35536992
23456261
2247529
20192642
21129060
33784707
8410145
29044349
15888389
23712913
36437463
33719183
18521796
530730
2667588
15273634
8498831
529327
9804370
21987289
31407522
30870762
2674360
33611566
19409045
16615048
23858745
33750899
7315076
361927
1851286
17163407
12667889
2398147
25225894
18335150
1020546
18608223
11818186
1944100
11154810
10939505
22385801
34197897
22236669
35710426
8490840
7192655
24328876
9032861
34054040
34092569
6648785
6326183
15015567
26999933
10207928
1481124
28073783
21792667
3867260
6086852
8622143
30280453
21768887
18295851
8327733
8848553
7523634
36377685
7261691
9642616
17939769
29204838
27085859
22415465
15385261
19784875
36648496
35813426
23417320
9403206
10420706
307727
22647729
22236689
21428905
6245550
12886471
22632886
8228038
20708547
20658626
6654957
12423388
10328586
30231374
8750184
20696650
32921349
33668202
18374501
25313235
11840658
10337060
3189347
36628801
6334142
6203059
12927661
37211737
37624529
32354708
7692323
9298589
26259864
861070
9181588
3967180
9690551
24719157
30215111
1546701
28059629
31586812
3878686
10902854
522954
35768633
3703139
24132348
2144559
460549
17317980
18503337
16111572
1449871
2956770
3587238
8459815
21598222
18206239
25055018
32510582
31853548
30835021
28667395
12357552
22821367
10517944
15390288
8543934
2997416
26516221
17906911
9840377
9257305
28691414
1322547
32828667
21319152
17530212
9795959
1758102
6864299
26376741
1995801
29556607
33893923
32026434
2990350
8655383
15485315
9630418
6738896
20669005
30993541
15853582
11740184
34623468
31842635
20927459
17447046
15798921
36385675
17987960
3000156
211583
16078626
9458376
10027489
12168843
28134459
15627006
9508276
6678970
26698083
31868329
29362332
36972511
3317106
15272587
22564342
22539531
12647376
21806352
19500067
14765377
18798534
17575119
19333441
21080804
26956810
23227749
35418529
10600419
8008171
9925279
16699850
2909913
9403208
32140783
9364852
8115757
11975092
13677949
30592250
21254572
27072331
3002572
30199514
8366534
15941651
23302230
24919259
8693281
30200113
10815665
3415865
3905026
20664996
35140243
25866320
15448780
4046970
18541885
24952183
12755203
26155809
9303055
11898509
37368542
8432060
17964020
9879463
3018624
37668944
17276617
16758540
8861811
17964023
6393348
11956943
23224629
8421557
3545037
11148660
1929746
25432183
30624746
12705813
19618857
19346642
3572470
35257314
1882640
8199445
30895569
1498160
37445846
7315198
25057865
35152168
32599021
29990985
745776
2192191
28293736
26983830
20522094
7474937
25476516
25771517
10741113
11436884
25752920
24766329
8563444
12493957
20473873
19344303
93357
3915667
20406668
12822450
22533851
18989164
2852019
2396541
18506793
12393125
25468226
26026669
28600014
15328205
1811712
19430698
3320717
2728728
10511083
28582392
26174616
9449737
7850714
18727429
25468222
23860604
7509461
17636068
20670595
349398
6637877
35430209
19546864
15200271
31442637
9266449
30667517
16029060
9613522
23909061
8398384
8124609
36322098
1992909
7680781
20886568
30338739
29558958
12805667
3941785
30795884
3908896
29322427
11205555
7241215
36445236
3860212
349395
15633989
10356781
11251398
22350668
16161045
3172487
27939796
33632416
414444
9509681
9655144
7435166
26821513
3812039
2135189
29464548
15475625
33673696
20175962
9014462
19159078
3592689
24060923
8583999
36116728
17066456
35353266
8986249
9205070
15506556
17163172
28640696
35259916
8384892
22794283
8837808
30945049
34303558
1407435
16088251
34271546
8313335
12453648
27290846
3703257
35218790
3882903
16421901
2992749
1381058
3708537
19804368
24604059
10883372
35767733
16817685
32965590
9407629
24994550
23408041
25296548
34864576
1722881
1664575
20804725
1815730
26077730
29609083
8033157
22702213
2200978
20706120
2914271
28564669
34613491
15853210
33597355
8927248
16479078
3601090
35098162
18766496
32377829
14666618
25657334
8430183
11307055
22528793
15337571
28797854
20455498
9818841
16739930
12241105
21837651
12140754
16793507
2992024
6401866
22236665
9270585
3916901
1696625
32537078
1995370
7815137
36597214
28666902
12504302
27337046
15915305
8583995
28796620
30995557
1786634
21455651
8046915
16759160
197501
35451676
3222068
30275230
36205299
3418392
19774696
26202272
9719573
34115361
9216173
12915198
2849067
22794288
35486416
9252700
2022972
3242530
15058167
20576591
9719574
3962590
16543089
20194254
22708257
22628219
22367769
35388566
24509903
18094854
11950398
2230976
18838327
12722674
16030117
11247071
7335826
12109063
14531560
2409248
7502735
24029389
1710320
9503511
3316531
22390560
6502195
12192505
27987557
28801738
31571114
12952303
15015671
33440687
19182242
21748584
30131268
11291128
36587387
6635022
29478614
27349392
1448668
18648328
15236125
17721931
1549446
12192501
6577813
24608700
29506669
3712083
2992677
12919395
18000980
12971637
15982744
14672264
37488051
9420095
12827520
9079439
27984470
27835870
27072750
2357713
14680299
14727688
19149762
3318700
10528834
35427188
1789685
28380637
17426043
3332409
25547881
18568901
30470398
3543725
6646337
18831033
10084083
18580799
9693323
8416686
20336349
2390366
26276018
33040640
15497119
34274843
11064393
19269828
15121446
16930821
11605061
23638079
15287527
367015
19957013
12687909
10025536
16829470
22544651
15022293
15558703
26424903
10819861
25413123
21254137
24549752
6481427
25155014
32284464
17262828
26021620
11793283
23246627
23125011
12078861
19937253
23607093
24608192
18924156
8057135
15037475
10769636
8699239
20459282
21992729
18822684
15981156
30072062
21352694
8124087
2359474
27526097
28041673
25807679
30629215
30239359
34548850
36371678
31257424
15457324
26548964
11508532
17825381
25054823
22138445
3488031
12364951
8523087
16839224
29901344
26346145
3915640
3696394
1967302
10885653
30031037
7007589
12564764
24830985
21577129
21756553
19343354
6684860
22708435
2991725
16822352
8736147
36398089
34139452
1964243
21806354
2674770
35596873
6498760
2379179
16802870
16155146
27598516
6472910
18852721
29307364
26948360
22794281
15578071
8535213
36108792
12942152
2340534
35350069
27265024
16759165
1992911
12378097
8410250
7933684
11413526
19960230
15353342
30121408
8304842
26328970
26438092
16304001
24107162
9071283
10550830
11473451
16521485
23775285
16854297
17203238
2162733
16330944
37237435
27907162
15761326
25820444
30739214
9583145
25249434
28386823
36914833
35331949
20217148
11503194
2396538
26094595
8927216
30324512
7443176
6854379
15140402
20367268
21082214
16858513
21137236
3783211
22118779
23480630
9769341
26989915
16274268
25675745
7990788
33270865
28319448
20425041
29589794
4005831
8621248
22924302
33239357
2765301
10023002
6300709
1996425
34472741
16700621
23981813
2121472
2352372
1338032
8621289
27714967
23116076
8453225
22513749
3668638
28668902
1537196
11136998
17190914
26979915
34156208
3459911
21757811
2536994
6779362
25173139
12601239
26588027
3521837
36544068
15469606
25010368
16195802
3976624
11175983
28327992
3054620
7064925
1930415
28319499
7351563
25404047
29352447
6251398
20549892
3901113
30739199
23211553
19705239
3008010
2615897
26598533
35676737
22565004
23301647
21082387
28173590
29259011
1338231
8113867
29709767
19271680
16132504
7807190
16734520
2778497
5295565
32841063
15527092
11122874
12197239
32725495
11822983
2409734
27960082
28625831
28993028
33934203
23801675
1574027
1407341
30426667
4056851
26234757
7807192
24589977
2268242
32198817
30629248
3106433
24453059
3020865
22362371
24748258
28277465
22714054
11595115
19841432
35641277
28342300
1435399
35163563
10746685
8294574
24051073
21933025
12092682
16443945
11915482
32481723
8169628
28956496
20102678
26844877
11045018
16623649
16242054
31376291
11126911
6304270
1944102
8052388
27585647
30528355
1197466
18831660
18349266
26243159
30443833
11055797
1450489
1807009
9588549
19705238
11410304
11170122
25465712
15801484
20714434
33253956
18412241
20854414
27454352
26926067
10673524
1992913
7275690
9388512
7139628
15249715
11143256
837351
19895123
3127732
18097199
210620
19795597
36800342
31996321
26002233
19369008
1166756
35566032
29035190
10199329
35864645
32729271
11935681
27935156
22661296
8310388
3001488
33220824
28707595
8287355
24380509
33050329
8416685
31106606
100968
18952584
34433223
1690593
25037717
29071695
14514121
20147566
3962545
23272238
24839957
3887231
24272363
31896084
34591198
30395731
11780459
23187467
6311998
33491172
30411179
23414469
23550771
28570587
6672852
17021722
32044356
29931654
25017328
15185755
2102279
7429409
25033606
23906136
31007260
28819084
24306136
6722738
8748188
18194140
29410102
26026630
16195798
12675529
7943600
21237658
35230562
21955925
9363837
21538632
26087603
11199164
28431179
19446856
10717586
16237287
170697
27270720
32589956
16266053
26521944
191576
34636248
3563857
10415234
21198267
22760419
36809318
12411544
30417218
16110009
30629225
218130
1690792
26332282
29749540
17716726
1342058
37452933
24481542
9167750
19076777
9703825
27834580
23636071
10619498
2723679
8057137
19267227
25529918
12029432
11831641
36599516
16969044
1948216
15718318
10717583
24051197
12763241
6162014
19080744
15674478
20866854
3012629
23789953
24828225
36236674
27323862
31919619
3257119
23367359
19345698
21165751
36044332
16049800
23957206
8906366
1643692
16283194
9424948
9447625
15112586
9403197
20644433
30629221
16901454
22385786
25365051
15749007
24510377
16400253
12700108
25702714
26948361
10728608
18458906
19731334
35170074
8142277
7900450
34191065
36703985
10592473
17114662
2250349
7319201
26733421
19802719
8005794
7596768
35315939
25024116
21416251
24894847
2980513
28492341
35471381
12926229
37194207
25150727
9168875
23366089
3308081
27493954
8903439
10199333
16734524
23618919
34210107
23555736
22443342
3332817
11358858
1561416
30614197
12455363
16077969
2308001
16470375
16642460
4001366
11537223
6196881
20192643
36809933
24651295
6187141
9210058
3605011
6312766
961503
19110394
2311118
36252193
34498674
1661986
35088971
29383601
37114548
7808603
34681949
2681567
8040431
22843378
11783407
34769212
8239678
34680039
8725198
10964598
17429795
21512197
12925514
15711980
35179776
8757069
30855176
3186352
28816643
23737251
25055016
7001660
6729692
23209575
2758717
25286041
7490188
32488404
4089163
18187807
32067518
6834111
11485233
24968406
19337502
32472378
28441148
24484248
8726439
37307766
11221335
9667268
10883456
11465395
2601101
24045969
2538772
12297732
33610863
8961691
15232390
27253224
31166318
1485910
16385400
11460945
28652117
28512046
16552586
32926397
21311296
15313584
24944262
21631192
11686021
19055979
1449965
30478893
8705273
26408305
9656697
3527993
26993514
35409080
20470003
29158366
19263367
34824133
206837
36272355
18405078
17250431
18952578
1423198
31725772
27889021
9778938
24952300
27991551
36906274
24760366
23688106
12591134
8898288
17572068
24748259
2527972
27450764
2453270
9195493
36946401
23233213
2113427
30693642
16966066
6302868
37325828
17912447
36307656
35984480
16681030
36357437
10802351
19948061
23073840
9055237
33047137
17505103
19244127
33002867
891565
2848078
1613498
25266614
25031698
10659602
31532532
9157930
7066864
3906050
26426911
20375708
26479760
6964049
31611541
10493954
19199908
4075302
30269555
2552950
9427964
27826659
20689430
3618004
15824828
18479608
36656561
4065168
34045096
35523175
11694768
18076316
3289496
2536212
32139084
28969482
27506282
9032840
34453233
6248690
16271441
11455617
8253903
3343496
30108003
35953040
18020926
25065951
15661719
3390791
20882288
28543840
13160812
16840958
29966795
29597021
18987525
24599439
1374918
23952800
583691
32705327
29124520
37531209
21999731
8974619
8269418
25003486
2975495
19309717
31609739
31693589
34920793
23052697
16398459
8724410
9293789
7055451
12777077
24484247
10638656
1849946
8929495
34663805
67642
27029475
7374888
6456195
6330599
32691644
18390424
36674461
2679824
10581847
21165612
12037449
30710869
6097099
29521859
6255113
32803658
36975416
8971398
7760108
34859737
36055712
25520120
3546620
3680707
11558167
9218253
7252539
8239906
28902576
11887341
9264362
8145056
20965731
22139448
1675442
29567868
19959006
20703544
3948122
7272480
19433011
26375164
22755267
12785199
20648780
7673980
3673429
28770964
8807704
8584145
33378446
27035166
2980514
16857981
15518596
11079483
26732081
7889341
7431058
18541122
18095136
10841189
23545051
29550410
1510081
2395510
1116133
24710719
7501109
6316389
8863462
37368539
11995420
8340843
7139569
10541237
12575014
26868951
9080351
11676170
11937000
3396652
8841004
34795224
14593762
18539973
36006063
12669392
18095128
6410783
29196975
28258545
22816225
37569705
34189601
19038344
20652720
26447861
11207006
25204627
8867427
14977201
19741440
3682191
2296651
21386855
27840177
3170832
25899850
17239827
19246864
34229297
3564759
24048548
35102991
7301065
3259730
18665745
23568699
30644008
24664484
35380705
216838
1551081
23927205
24052169
28462513
21400119
12066902
18799170
8887370
33386020
3359443
2442448
34341267
25054580
15113479
19548852
7326157
2697177
3329301
8052390
28338647
2401915
34463447
11279358
2303872
8629400
15446390
2033460
8831734
19965287
6272485
37116915
1525001
28334687
33931452
893782
22617234
446193
12963964
28419308
2738640
6438715
16708701
33406116
3042426
36503385
19256716
10440107
35397473
10933043
24859855
22002756
20626202
33398534
23824106
12720206
3225654
36587380
23139079
23453330
31739940
18617854
25742877
3714008
30995685
32672123
31822990
9657495
14586753
20885107
37349190
15751858
28079711
30798688
6879416
20349186
33783925
7099393
27367682
10516946
8814723
19033782
27403773
21744474
15688744
32652442
1855178
174026
12687917
18756585
23429371
29455216
6259745
6347088
29632053
3859125
16440698
27628002
204882
27451404
6801883
2083369
6738895
14569825
7177328
16244591
32020379
10550584
7745469
8883072
36370294
9217038
33926684
19887361
9417864
21436507
740142
15637655
24457493
18076312
33220828
1435610
27289473
8138710
17244553
12006286
21634104
12633956
10933461
3329864
9525810
34613580
22293950
18452166
34229094
2660940
21553248
23647507
10517942
8729351
9739879
21533524
16772875
11792614
20045420
18781384
37466094
32184042
11763425
25688497
36434793
25492435
7986118
9233017
1394241
3297299
23751126
10847121
25651788
27253692
14653851
20150380
26725693
26536821
25218608
10328549
1542389
961499
1802424
32870144
27592592
22898372
21274507
1634751
25231277
15627190
34439890
11840735
2088030
28534419
20146216
26528619
10048070
16944364
34863609
34915356
18508424
12687907
16861159
6253607
3485641
32165344
6618483
8060132
25081974
9974505
11317494
8164060
34235627
3492731
21327735
22821924
23691191
22504484
7624651
36112043
23638625
1443043
10559791
30900987
2845900
19348713
30314733
33692222
17310356
23053783
20862485
24141276
12503076
36374473
23109381
29621062
900904
26849811
37353350
37087682
4058662
23661311
10699478
6692351
26227256
1194941
33469186
18792756
30079884
17354186
28669013
24787229
12509817
3318703
37047356
23184618
8797898
7532799
1718023
8084310
197440
25726165
33601135
25968346
18652516
30763249
24162619
2317012
3808167
35408879
2645835
1327339
28716813
6403884
16133454
9029763
2647250
1518162
1965368
1682794
31041803
19464632
33321154
37147981
14599089
16908548
21546744
33640445
10770576
9151220
29871908
25175691
10656398
3809691
25970776
16248789
28426840
21784068
37304294
17078789
30011983
16403961
36825454
16932614
22407175
11561349
37086455
7745466
26439689
6466053
35439619
16509498
10889398
11414647
14680564
26824594
12816274
20179947
10084668
8330874
1538184
9861654
34724327
1944111
10099089
12356357
24590691
15124133
15485312
24642524
33992166
10853092
29385679
31435824
19022744
3724936
28009309
33617688
28266007
36977844
18991328
9862044
22040385
2312857
8315477
23038648
6530618
15049019
15010106
28341992
27501887
32857483
9529735
8082680
6427700
10350195
27404900
16160401
26543495
21896959
8523088
20184546
32964354
28629376
15527080
11593969
25911198
9310262
22652868
19163879
10440190
3934926
30442087
11594258
17566201
10361971
33342812
19438077
716842
3984608
16357533
22307475
31187845
23624408
14765381
3037397
21918916
22816875
17236582
980206
25608485
16398466
2330083
11973025
26138138
25667480
8191632
9591579
10719863
33946020
32649820
11995427
16280673
32034270
20198500
1732439
8971352
35437291
20058049
11960286
1513425
7964992
36015874
35843574
28816956
32643065
32903717
10866346
12748097
25652347
32960666
1331348
9407634
32727112
16202334
349394
209724
25224631
26764564
33754155
33723139
818087
36311255
29071526
29728268
11723375
16443946
11770296
28525188
20450759
24615863
7900451
24460310
7738652
36634606
21512831
18493733
7462297
16158215
22323551
32312627
33151327
18349284
31186364
30883663
8577971
35164908
15024957
34206482
12450032
176605
3857124
8741370
16776334
16623647
22251504
3314549
26353880
29848970
22528798
29512467
6728276
11512393
676676
620402
23844359
1508113
37163705
14123654
8777909
27338209
23690717
15683117
34940899
15700835
33237018
35667619
16892186
2702569
23084660
34969032
30504543
19175729
14768726
12060344
1667249
4005792
15633409
19071024
18624795
19577396
3775196
24899645
7626823
7174145
7754838
11415902
21739238
32448606
18533921
27257950
24354431
31235670
36762594
9400853
3545159
20027575
28689260
29215406
24328881
35535842
25173159
12717294
16599187
23820313
31082556
15743595
9058428
2836757
22278800
36706870
33737566
10326223
28609210
30343678
23615145
19499581
12239621
2797369
185547
7762322
17354908
30341472
27144830
17216265
19772409
21040207
12416547
19456208
28410147
8558377
1208704
34065991
9702896
8692923
6729108
6456643
10370356
21824890
20419992
28059591
27197198
27861326
4353360
14604226
25333605
28856499
3216971
11935688
25057978
27798857
21964994
32522655
32271287
22255946
1185250
19965107
1708453
27757570
6890409
11954769
8583993
7795725
23585688
24310061
921844
3783265
24015044
15899798
15534054
11245275
11942374
4037762
11873606
8507138
32698671
6998559
696109
32513423
8750191
26596656
33455102
10673565
3079493
14768687
17598595
15315308
15012838
15390292
19648771
15538145
18202239
3683879
7104109
20730457
26372362
19357723
194112
19099672
24630372
33532737
9384414
6502194
2630185
7654821
26646781
3380064
22402723
37452959
8651925
20801625
32124185
31142339
3437951
11847064
9782676
3289497
9749596
29685410
22911853
18815786
22641070
31856045
28917281
3550502
23731617
2772429
2995866
20510302
28039365
6087584
26197410
9792957
216480
32787351
19934302
15130301
24260161
14871976
17691408
11344821
7201562
16121902
17317979
19927122
36445383
8113874
9830994
32484136
22049619
25693347
12540814
8410226
26444404
18363109
2320207
19764565
17512326
28148893
28917291
18952583
6259551
15448954
16990846
7872684
25313234
21631197
23652864
35034477
10487247
27584684
6966992
25876221
11678428
7693230
28260349
3729313
21109154
37074422
30427824
37154861
12068368
9113308
33252762
12712007
3737923
10571200
24384239
7595752
18513465
18081477
22639170
23936983
26356153
2520132
9020719
26671090
26359420
1400570
15389570
22385171
33066121
33778693
15578338
17257132
27651341
20211708
8832653
17175174
19123897
28461278
8360708
24328873
19795968
23065678
35490357
32711144
23797730
14506986
27111014
9328190
11302254
8018748
37861422
18226107
8900378
32202737
17500046
19086439
7891093
16231633
19006768
11964939
34534142
3887125
37407888
3710874
27438020
18490242
32051289
27127791
7531379
2334169
33221772
20695463
34984645
30484013
18683097
1941756
7400788
25071098
26863415
30952038
3559665
15812594
23051935
9361058
26452779
15366544
22089020
25467557
21861197
9743957
23180217
1764177
2389680
17673180
10982004
19618861
33813026
9871893
7700478
36627748
6861144
34979640
23953683
8183911
23260029
23920396
6726296
8527397
11290466
17415198
24522718
20885108
34749021
3224029
15905615
29869778
35922753
8209589
21698926
24682745
1965466
10379337
20473838
33471214
17905066
27097828
1407304
15164981
29385922
7332721
9361116
215926
25720952
26695622
34198284
16776371
31582387
10552096
17704239
22307825
35877201
28349493
34191042
8164780
28919136
23826410
11332717
7252525
24067777
6518125
34213626
35986378
10199332
32921348
19333229
36253718
30396918
36305901
26564071
31044567
10807260
25450387
37101176
11265767
33028729
33690230
7970182
37210134
12888888
1723156
17430159
9015080
7851047
24337497
15547706
21253762
25687433
11837537
2771068
939970
31355493
16921452
8301315
3736902
30609184
24353989
8410144
2553029
31194284
442462
34114043
28486641
15508936
9840384
23053832
7714553
15540917
25085594
23889991
7568827
23443320
27943226
10850451
28783147
24418786
24010529
28976991
28875440
15936381
12066916
9170667
25867862
22040406
30054805
27761401
12777086
22748663
33018170
2724781
9585061
21305288
30102489
27273091
25434388
16495156
27072560
17523072
21298772
28274139
3032111
18765540
14975414
25358508
35881316
10935229
15328838
2370354
2372007
16198917
28526235
8986161
29930212
21061671
20187347
15897582
23984324
14648559
12456339
29361284
1906093
16724699
34958992
35312152
36156311
19633924
7108595
7807189
3233229
20152586
12825484
23340650
7761277
33223026
23389376
6736959
8164058
29016987
31570099
17432708
8092110
15616877
8523105
1251681
26146040
9446954
37277304
21964308
3440875
19005380
21224697
24743915
15933821
26285055
24857059
36669926
32657331
30060998
6427701
9500473
22781957
31584071
23412799
6544119
9233025
17562554
29372376
22320191
21840059
23624716
16475710
12952596
11765844
9621910
6738899
37433071
29538709
22397453
25868602
24445767
27402436
18043353
19164945
7852105
17394660
31577277
3729491
2402083
7198835
12379912
8857100
3187000
22684841
34081276
19883237
14531554
21786247
8339230
15623597
26080799
167399
16831077
27249765
27115743
1419033
20495775
27604996
9888395
7900601
20370314
3942392
25793562
20801091
9190699
12784079
3152475
3902206
2402324
18481737
3316521
16288487
28647417
7731508
11689973
9699392
23918147
23406732
3098065
30681550
36728558
33693781
33026209
15495214
30138154
21693793
21150307
36847997
18841544
7702685
16536991
11542870
30839507
4027925
11429219
1784092
24986645
9014433
27318813
23771511
31661066
16274273
23488025
35460019
17665157
2835697
31188499
32221847
23333580
26458578
21129062
32403066
7855741
1641655
18607344
28116231
28291373
22237928
22617238
22738943
20063172
26429860
4056902
16505573
58971
19723323
23585630
21926086
217977
20814658
6187575
12642708
32719487
33781504
37743337
7442924
16292174
24095573
27659824
9696369
12607173
11197866
30470403
19818598
3896463
2759715
16788926
11257112
28499219
20532809
15162827
29774497
36516487
294776
15609304
10401596
22739015
28917285
29651960
14984991
16872076
19249579
2022973
24237240
7208520
20890818
9876472
34415211
27566608
1651307
28441372
8014665
35456971
25397366
30878611
7643986
1419032
22755708
11891743
25062303
37499452
11426092
26066820
34060940
7982182
16998726
36472801
10206462
35662494
1278192
11093367
27134530
33940777
15627188
26448931
26222087
36577872
15049021
10540653
22110653
22691544
27577312
12566841
16961139
26022855
30387462
27765720
2922990
2320818
16613536
35921185
1321981
19806496
24098395
8035425
28104717
15627022
21446047
23731201
1851050
8876132
7076070
1528382
15494975
28220905
8213081
21035954
36103614
25734321
15881753
20734031
22362370
28884813
24974580
33762442
23807424
32553924
1987891
2544689
26136217
27262709
33235149
6174892
24857135
2605041
10149909
24847967
35347632
26033548
4465414
23511822
16389944
11590650
16804715
8470663
26136184
6249513
23887970
35179708
26197301
35438272
1210937
6939212
25796424
7566411
15368880
22139378
6868903
33349075
3344083
4027908
27464719
24697234
10821309
18445660
33838213
19566290
35830573
8837071
37070356
25375123
17698528
1313160
32327047
8586464
20108752
11359113
1606459
25944528
32360924
8086036
37185016
7108600
25255253
3915641
29876248
6981899
179082
26960222
2984596
12002056
29322428
25811333
16679275
24109835
9205253
26070553
19177923
7989118
23243462
27633807
18516744
15853207
213226
8008164
3798295
6258214
2842571
6100508
25751464
29996150
33926681
32421989
35567503
26411769
7681348
33811540
26468140
16389943
20469999
31820275
23618424
26891979
26118974
22683220
32435891
7516104
20121367
30267146
36086534
18809838
33567919
35487285
12776261
12884355
11310919
2733814
34891930
2837160
25078721
37452951
26000742
15565811
23948902
9880139
36745177
24825818
7226145
2786367
3278075
12825817
2633690
6493465
32391583
34376622
24920743
24314718
21409425
30693650
20021464
31825557
14522905
9386273
27893285
1460484
12094511
16317732
19705237
9047174
10531783
12567456
1553034
3112210
9816565
20635435
24640739
16163408
23828015
19728974
25059696
23621605
34588144
11013192
28103265
9442480
1815735
2357681
17541421
22303870
19273072
9861649
31625676
11319053
8657903
26857002
17889341
30629219
17575129
3500194
23688743
16773215
34565649
16685871
25525183
22569092
17910868
2141872
15481559
31509337
25738972
34591980
16967349
1383844
36183958
9708511
28882862
34590194
32599196
7611024
30629227
2320205
8733954
15527086
34699548
21160109
25022336
28482030
26991680
33611714
33692572
36290819
7714552
17909991
20558984
30990928
23644575
27251756
33342004
17088567
32827878
17145400
8740561
11194902
35018523
34549723
9400861
23143294
35408649
2681870
31582042
10374339
7064615
30146735
8523057
28252421
35762336
19190455
8340578
35460714
15226065
35490891
7373391
36086352
11926379
8123451
1286726
16669743
7976601
23782775
34448914
18647264
31177346
22503122
26040936
12890985
33974987
9858285
25711864
27585837
20118657
19625901
25837903
20167814
15062527
6300723
25837908
29028584
18363995
28687250
11826363
19499978
22644987
15624764
31375903
8509820
23265347
34984433
11152340
4055458
8015671
10092704
25646527
34424912
26610342
12559880
18780313
6711222
33342813
12403562
3712767
6308489
22445618
35148412
28030635
18768229
12943572
25880892
9036430
3756385
17320628
33860759
17320640
9352814
24374326
23805239
11121466
7645240
27541694
14607296
37306749
10499721
36167467
19560735
35352437
24328868
11563634
20405309
29931476
15627007
1647189
1664595
23700325
37321379
25051370
2681875
7976593
29481613
35240798
2159988
26713744
35168420
10401593
30392091
16821639
2177493
8413974
30698790
20644517
9100674
25523064
10414947
23085409
10363256
6155451
3779677
12384318
23666388
18931523
6953803
2989720
21312096
24937369
34476518
18768900
19494566
25164355
23115945
10201297
34427324
36289149
35132626
2697376
2415284
35152274
29200115
27090892
15701824
29621934
18472164
30703587
16229087
9757188
8924231
25923854
18697562
33278109
3795500
9825943
18373067
34105205
14531556
8800347
12411545
29993901
22104961
7013410
28993874
32611994
6927015
1331351
18288395
19430732
19560744
37533851
14565163
18928344
19183852
30579022
10361410
24036874
19960231
36226704
10572718
23416129
23432647
26841941
6782926
1919678
17503347
34817716
22359291
11082311
33502214
35181800
29165771
2303532
31739941
16709036
3149475
22297399
1613540
19567144
10222438
26222675
20410155
9632200
28598565
23989499
3474455
20110761
9702879
18565349
10934838
6854428
32291592
11095486
2980434
22888654
2685184
7766365
31834025
1336973
20532785
28756093
9112465
25105827
2180410
16302619
870165
11295004
29850853
29135108
30644073
32525292
9346345
24842956
1295035
20589659
11508109
25837898
2213114
3164446
17483310
203540
16051003
26037466
31090175
3005442
22818211
36442778
23515899
1633449
2374647
3657501
8418502
6741374
19936570
19381820
18084668
32484019
8836593
25644717
6331626
567298
1738033
27228278
8082096
21294138
19892502
28180935
29799635
22898201
12814248
21317885
21549564
7261690
28657708
33317871
23625089
27661215
25054465
11856703
18396787
11245277
23205784
34570449
18003231
21210128
27889024
51071
3614480
3294353
36717507
2298624
22821382
30883246
25106866
26921703
30205218
30406339
1295037
9775374
27680329
33476393
30672167
24921708
23053362
19523418
30959356
8289088
21879178
10550583
19642733
26935297
10651020
9039621
21674763
376940
23661102
3499584
8204784
8121549
22668828
2541957
35777316
28079715
10897819
27712796
12813886
21129063
14558605
3338036
7346148
17619825
33972919
29693348
207834
7848917
24532221
22859329
11837749
24598358
25464144
2213160
27522510
31022049
18097254
12140111
27566994
29086675
23065539
24078064
19645560
30051533
33168783
31761063
27020407
36430705
33919732
3353852
33463689
23896509
6331690
2732628
28648002
19262177
19410153
18552083
15906202
31463845
2013803
29214403
12426683
11283316
9544162
10208105
28093610
20063114
2081082
27740987
20878114
7699438
32506168
16140934
12383424
35955830
22699432
26256809
34166771
9036433
28447250
15726791
19142625
19039259
30688666
9044841
15543619
36633010
22797010
19046040
20425039
15527078
4020471
12234586
20043062
27370569
24552575
26754857
9049886
2366082
20919607
23031446
1965902
31389961
1480273
29098416
34622773
7743483
21198210
12704767
23842006
18392837
17698529
22019313
17071348
28681208
21234776
27459120
36748659
3023098
1102267
20484725
28906344
3499422
1693363
17673619
35832071
26895208
11784893
23364961
14695387
11418080
2045937
557176
20003159
36733048
11953164
8455761
9635905
21452717
1418222
35297117
7828137
12942160
1915244
25688033
35489652
8337621
17611651
21628735
1660512
3668611
11809118
1584961
32020861
6154535
32274718
31919458
27649026
31980106
27454592
33123732
18949365
22002975
8916267
11776711
32918774
26973123
28111982
17868999
14628092
32530485
31173851
26886080
18173856
16944362
11398836
17987442
17526014
26948367
8712936
526372
22119981
20626201
2175738
31989903
18948726
28415660
35271115
25605683
25173448
107684
20593112
1464407
8189262
7478463
18406554
9711745
37540408
19262168
23267134
2475249
6323815
35441970
18162777
15916876
18694630
12655384
209658
2287372
16778628
30041248
15912884
21287180
11716064
6239014
2015719
192457
17198222
14531548
28840125
3039477
8397068
16195916
23544412
23896276
33566445
8680060
26722960
9461413
12818866
18987831
26046399
3957734
36906086
15373704
27089106
8615672
25292068
12411875
206836
2195683
32504657
34670277
27120035
25865822
9350399
35513201
12782575
7531613
35535034
25054665
24358685
18253773
18095107
10942005
20813089
34003601
7033820
32470024
30629207
28233083
22571271
8878408
28536012
22660039
11873736
35857249
34891797
19466212
8817422
20436395
28902082
34884457
11024501
31208256
23344787
35305524
22255629
225696
30542904
19055977
15711055
3399012
11459693
12595104
3283081
16874886
6095764
2135963
24052128
7714547
17707242
11409310
28780063
31107444
30826479
1331349
30833881
6297372
32672121
7848125
20146987
1210938
3440874
12915655
19664535
7610631
21075544
33316857
17033148
20159714
37743327
34530147
15549525
12066192
10431579
2274423
6093489
9673719
35900513
11345268
22463044
7342850
3299144
25895705
23661361
30361986
22300623
28524122
11221336
1448666
1586976
9974066
4027922
1584960
2118208
34175760
18667768
16132519
8293156
7960979
24010977
23329387
22541963
19889578
31786549
6325061
30315969
18700532
10433110
34610950
6669200
6496036
32451770
2108476
2886943
30412153
19812965
9039620
3456740
25672978
14689508
6329477
36468424
30612162
11837538
1468073
31980109
17530617
17895428
30148064
22254316
29335830
19208847
17190915
37011459
7892494
19560733
36944297
1756948
15458607
17698540
36190446
2554006
653249
21666291
8316498
15260139
75597
21989768
10502394
11130886
7438835
28879895
8029453
7525880
19505845
349399
25173737
8442411
22268387
3012997
19538892
10738081
28508321
20886384
22677429
14980451
26084262
24691018
19028999
3828860
11958658
9370522
3169092
32386112
25805495
19608227
29332928
3978658
17998669
36607388
15616378
25570471
20941832
25365052
9143053
9869220
24445733
23178788
12098081
34110340
8853081
9769815
21899947
6088721
32714384
22321366
27299432
18421684
10823625
3577665
26494691
8750182
12952288
28839327
8392523
2012515
19812947
19224378
32444979
6678306
10605014
35437092
29173061
22645071
28937983
26310316
11433755
35561836
10460663
8487926
4095697
28723281
557177
22167283
9240880
15181743
15986114
9327496
8243354
1703636
29869510
6278687
2674362
19711436
1758427
8666369
31431370
25524219
18541119
21933181
2494852
37026346
7117758
21959044
26156776
696127
8974620
19487112
27302514
37386966
25170661
19957015
14765388
37248629
33712303
20077365
18306659
28618012
3232457
29990979
9425559
17641979
28157245
9705590
26412354
20027571
20307276
25416520
16179200
2246118
3135543
36443477
36278468
22392124
10830528
27260656
34514580
22290262
34359041
6443749
29525720
8454277
7645955
10875907
8823770
30470404
21699466
26250554
15933820
11772430
1317500
17477802
9708554
10023719
37172581
15674474
9138319
30600316
28331947
9874183
27294690
4531027
25837899
28214639
25866371
35196869
23247800
26321082
21303330
18447715
36949356
33706200
27161463
34848827
3045898
29614125
7888393
12696250
33639066
21422598
6939289
12455883
37246695
23659122
32517694
31426251
10935230
16734106
14682374
15015787
26409566
21213124
30945456
36980182
3221262
26017379
6111153
19057315
21656158
31240526
25551668
8164798
10652626
10713942
30856613
10385055
19145478
24328877
9500275
12760800
15792519
6956245
7497444
15647671
15386759
26488903
31894267
26613877
15309921
24732807
22231206
15137602
29428932
25978009
16875337
34727473
37157237
634864
24503133
351451
28479523
32200217
24548126
20093311
3018054
36372301
31074391
27667577
8985051
20658625
32048135
16396752
7771379
2392036
15072460
36795877
21193883
33791912
31504801
33372966
22350380
30997512
26615049
10683275
6302563
36653285
9402589
29535392
18240915
8732163
2208360
28549927
15170894
25901374
8835134
12574189
15000342
8740
28074323
33542920
3490758
12750243
1851282
26332515
8608542
3163105
29700571
21692706
1823340
6291561
3014022
17237538
15707021
33461209
26749497
1654406
9214828
17318000
25525878
1412436
22193155
25170671
32030651
15673210
15056451
33517817
686776
27854097
2743324
21338209
9471101
25052142
3288979
35864763
19001097
2120394
25398845
10429656
26258653
1129486
14531561
18565351
19061181
22335887
11587264
26211435
17525633
19097232
7008937
16314937
3239307
8586463
2092546
17969839
1208703
16788863
6349937
19427538
8571175
18416662
12728511
9494601
30385181
9151219
15864691
11916506
31526552
35025808
34787626
1910950
17710157
35430973
9151228
11295420
7094356
30137556
20051708
2927599
10834007
37528723
27271814
36972898
21464536
28034994
28862482
11550319
6610843
32813185
16499763
11131984
8124088
6717744
31368257
22468817
10463284
26478444
9673977
23974655
2158674
2848404
8584840
19208739
28720549
8175391
28861622
2369736
15057261
28303695
3889800
32622867
24962200
11759994
33065047
9429231
28378288
18928341
172225
32733955
14648577
26945030
33220831
34561990
31274626
25482749
26633842
22207638
26897014
31450858
37527674
6701300
6251399
8981815
26948354
25974641
2754456
18098091
7856374
2439110
35175546
34801617
26373668
21691048
11296483
30224756
9829808
21927834
6096290
32683512
10147968
18365238
3374750
2134738
18163813
2823626
23036849
10100206
17943961
7245229
17052661
21982953
36002876
2477736
32861083
1312906
14571008
37145381
30179690
17134123
27878617
26312767
36854309
18090213
12182973
2885940
25504266
37171681
77548
28030447
24413553
19567681
19864079
36555334
37194532
9298590
8509823
23092271
32043810
34148147
11733826
3018853
36497021
19293793
19697040
15882973
28120081
17001172
15987579
4027910
3780260
7847251
20432019
28853528
36109754
349397
28988350
28292436
22208897
8330996
23584345
21593697
30060993
19188486
11062728
25313193
9116090
33835149
2984724
2838284
28025034
10640978
8025519
1338233
19914851
8062241
15015566
1922706
12126097
10517943
30979548
30348678
25714806
25117977
26926063
26890637
31254282
30937607
842293
11760795
20570390
22548924
28818811
1993580
18488895
22929856
16586497
22343146
23437699
27301869
34731721
28317871
32220305
35726930
27354625
36198891
36433877
33611709
10349308
34859922
9619354
2806204
10551328
2021958
28962578
37022648
1407433
29508242
32112385
9122444
8845926
9108463
7976487
16155723
26816105
8547618
22977022
33455817
18053610
33442835
8686395
36321285
3957163
477590
11758777
26909711
1266502
32447005
35971300
17050032
22404218
1344303
11817703
6854420
16793500
23236019
26443300
1650484
12622512
10931600
37036201
20012464
9149261
18182641
20373057
11060704
20809176
28258890
24069410
21188542
32905977
36987739
22213142
34299050
27128445
1414280
26970248
24072251
1399372
36030723
211763
17318973
35092598
2137438
30716501
37049661
35219089
22898373
29288110
24295338
27555603
17431542
36044309
19944968
17525839
33251876
31595683
9257066
27739041
25013784
17443290
22212850
33525427
54345
15581272
34324425
25832561
19795492
25988678
23068052
23194364
21060663
27712799
30805642
15913895
23180004
36301489
9111375
1716257
30362318
23267136
28780387
15253281
1354721
36350682
18753827
25744176
22409462
32726719
14586210
35959373
222110
32676954
12749705
27265601
963638
28296130
7667978
3027607
10224606
18232334
16314956
12868619
36066053
35152872
2562400
31805403
30301839
9408604
37298673
20121440
3352753
1382935
17393043
10231180
28830841
15925995
10694553
3779676
26691358
621527
34632671
29053416
32176926
12111801
31600288
14624071
2797359
21450054
36740041
32552173
27072240
22290256
21895881
18371178
37298419
23589055
11261095
34481094
32229305
15812888
23510543
19560734
32377881
16519569
34269865
28841799
26638183
15804792
8937780
11198745
9843275
36809456
7534008
19220299
34769339
19959032
21131914
10461068
37668519
23390934
1658018
37119655
37352313
9524089
18952586
11014444
10582668
16280674
372499
19962671
33057037
21037539
19738439
32051271
6228241
23399898
32557203
12853882
21892719
24494810
17295039
20709388
33018169
36285825
1513249
20146218
22713629
29125233
19335279
3080222
3883555
27310463
37068084
19047098
4033378
16292489
28030841
11301393
8347340
12112250
2002379
14644076
1574161
10658280
15534088
20120215
11746940
10388304
22350377
28300707
32227185
22692829
20657231
3738742
28544801
17250458
12743596
35149436
27259253
1811181
28664468
35171292
23361486
18498286
32861036
17964647
11741117
20798977
24165928
8755758
12526309
21861842
29633111
8485034
37060388
28837569
2009235
37655659
33547201
33235233
24944266
17805551
3949619
22026304
29016805
9444575
35817348
29133239
20966543
16033055
34906021
35119249
19944974
19208905
29493009
31311665
22087438
36281000
35040235
35344053
17044558
22263300
31898591
18534578
3720706
8619526
24793824
25758748
10721251
2615022
28751139
3038558
3025111
3426863
29016845
3715697
27306689
30902769
3340279
3375984
21928036
18505050
29774475
35571692
8213381
18952581
21351564
718471
24219161
8660079
31790835
32314875
17199177
9799808
12566833
24288472
3463247
23175345
8985930
11235948
8879874
25393009
8567340
8284745
35766600
15452832
27978785
8057120
25434390
20352399
21154156
24280940
16623651
17886545
10491813
32409219
7080852
11838809
31973596
31541850
22400035
11182565
19181390
37549563
1620467
23430234
28326824
20551697
33131367
7187293
32989975
22594900
3265964
26529035
20331867
31456158
3094741
37430604
21196433
27783941
15330279
29649856
18306274
34100178
6418514
37062467
34034031
33762459
22522647
9525843
7432038
22147459
8805148
2840033
17920823
3276834
29969418
12014633
3185139
34102420
8220785
16885340
3036011
17986939
27809256
15343437
29209782
6610326
29271709
28113925
18076322
31535562
1892913
30062604
2938288
28812201
33592194
16427322
35091195
36512875
27221107
20001799
6814160
7627579
20533142
34886858
8419528
31035406
3221258
35434864
25432188
27920233
17364254
20187162
18425902
30985227
31468188
10499615
36564724
30957467
29884596
15034223
328828
21877026
11151724
28752499
21727940
29479841
9747461
36738494
34478389
24155955
6283688
35483442
10982003
34583121
10493363
17654728
1776519
30026165
29990972
1852900
37016416
28150209
17442692
16427438
33525122
21203936
35044078
15031973
2022975
1613536
1429088
23790618
36183039
20449630
32744979
32429463
25362567
9463559
31228702
17867825
23317801
31993749
22405901
23493217
15278190
23963155
22009244
2178326
28535114
21331615
18671189
11477625
34124814
15058768
3004117
26371431
24099060
9811184
37422554
22228356
21837678
11723257
14624074
6999372
3885862
8988077
17942716
29260362
2369735
504660
10912927
25304720
9743961
1662505
26202203
11093355
15970525
37000852
1997888
190835
26536389
21046313
24563280
18030356
7134439
20160365
18602785
29385926
10561221
32008282
2395518
19832839
35343641
7751895
6330617
28755329
30496307
34423581
12622143
33543269
27472224
6089669
26339454
15995330
14625465
10397448
19859947
28340256
6628459
7941966
3261622
10874141
35589662
2031809
2984483
36220493
7710607
26187216
34305910
23457412
24923875
26663615
30949937
3431020
37022021
37099483
17886544
1835765
16929166
21993188
37011011
15950766
11418297
26454859
9324513
27814616
15583815
22958073
25791281
24374932
12796600
1965936
7477768
28524186
8694803
22763761
18759382
6738897
16250394
9420933
21622052
8098564
17665342
30449497
21352693
15466973
12509816
1447807
32924201
24412320
21778066
20472355
7310497
16156228
28001090
33098284
22937689
27856651
11550304
26319190
22959996
21571807
25054302
30738224
11329938
6358430
24484250
31467303
3332865
22109661
36647049
21353707
36977865
18182068
35697228
21147933
19357954
30215510
311879
24457533
26519663
28748342
15959903
36897649
34528541
18794877
9524079
34171339
1296047
20652260
30227295
9075015
35303420
30415717
23340652
21704935
18413375
35216362
17679231
1331347
18220856
16035080
35225594
6285222
10672322
534679
32469226
9247278
32123254
37373484
34363584
19645561
18198928
11755962
355750
23962241
16619668
2778491
28886331
23867728
29412000
26892605
33683662
7931623
32786141
26587976
27885632
14520481
3615965
26948347
2728764
12952286
14504767
15961930
31036424
16893347
27885545
19138031
846302
9385569
7621408
33106547
24814688
23820014
15865884
22042949
24747145
9850047
16094162
25406909
7815104
36463703
26948356
3978473
3312130
32712
30961616
20576584
34830041
22660961
543792
18924158
7600172
26948353
11570586
26751577
25333188
6486735
33451609
1985281
21210239
10935222
4090848
25867234
15560716
457740
24743276
31486047
24503249
178025
20854057
22906921
25119001
20950259
15814181
19907201
18278494
32977496
15623592
10749171
16804619
218141
34493208
27016056
3561682
22255945
2027166
26049817
11145447
27748711
22959826
19218135
15164099
2848045
22882948
17509234
11793931
36335224
1448663
35328618
6485644
8395592
27091610
20016453
4027911
1564549
6392925
15220505
35258766
17244555
1944880
32632898
9591842
15157306
34333477
8168042
9435800
30893594
35673102
6986583
6729695
11873604
15599965
7950012
34210556
6616411
19404147
24781189
2980533
6624780
17129872
31385185
37568180
29631562
23982228
9077094
8780389
16428058
36842569
34863453
25976258
35590112
22617235
28318492
26226778
2536805
20728952
1334305
20425043
21124703
22030548
17432704
25385572
19726126
8797897
19861433
10832875
17490844
17964033
1560262
17459377
35752421
17359538
19831841
34581301
16796315
19381963
22081447
1649519
34625062
8849479
17356889
8748785
22235430
29186899
25523732
8838560
932787
10696024
12456310
30015947
2230966
17517936
11151726
8586466
2829348
7004105
26537911
26699547
3203327
21055475
30077752
1317945
17897452
17177853
3195853
1757808
36097024
35811093
30777232
31004861
20009300
1663367
33599882
33028364
17119805
1700617
30125846
31676690
30481936
20510665
9548333
20879981
10567966
21997540
27756098
35578056
100248
37058375
9702880
10710294
7415689
34687933
2980530
34678686
25373447
22339071
18923821
23525948
8268922
613228
21336204
34711456
23229762
2034311
34174763
1331350
24510985
23685934
7368063
3100731
19906910
25115191
9720162
26497655
11322657
32180019
30757955
1000478
9693074
22672084
11597375
26289791
15497124
29054465
1895165
4012196
22508762
10837937
19659607
34545753
9591589
28453467
21530281
7928483
12941842
173256
8556541
33287933
189911
20528752
26591106
18314416
29498571
21468212
24327584
23621311
6510045
17508520
12783249
33477668
9144588
29212855
29490917
7685850
9760974
22595902
173814
22348395
11023199
24564083
33404712
32788236
1910079
35654212
25878115
14535839
3020861
8546111
21543627
25855927
625452
23502426
6179006
21210238
1162747
35503847
23197688
23955042
36006639
6328235
20694516
25023732
1295036
24243648
986115
26671409
6381432
24491927
24821190
37321019
23782947
12528323
33220825
11595081
10822300
6383516
6504329
33308492
36057397
7530777
10451029
31563588
8337622
22092111
6306809
30137606
9757466
8640760
18181831
9486583
25748807
30067727
24857921
34359018
24382515
8692387
25484091
27230829
7882327
16211214
8672304
28483673
4086260
25341474
11533703
34352316
24158886
4031975
10928106
18263946
21159066
30223473
9521274
33220829
23544409
8293185
31430747
35378808
19346641
8552814
33075237
27286798
33045247
14994756
23512291
29064137
3028112
32068011
24175897
12382021
29476310
3739008
15366970
10775615
16637509
31049786
8164824
2669784
24461541
7877992
29676997
20488958
36028417
19911888
17033147
7884503
30108005
28747588
32682998
11313793
19841426
16944363
15176600
31861467
22274398
4033874
19780145
35627884
25057974
27432661
15622471
19149323
33569932
2171762
29654062
19915304
36682790
11501837
8579099
7609838
23331472
36278391
11579965
32088292
644063
30992043
36580221
17028540
36519599
20708552
21388463
2025506
24105488
7093076
14649881
20190569
34753786
8374881
22790303
10186963
19854391
31167200
25173141
16547494
7459816
26881577
29709735
16168259
26082252
10749982
3263244
18379430
15569733
28860053
8371644
25267803
22835666
26548844
1990253
21298088
3344464
36078585
3670623
19216214
17078788
28486817
28992727
31577603
6664441
2821422
32881966
11039338
24574050
30617578
7755389
8700311
19227157
8823328
3731171
12115571
14529312
25422316
34868516
33795525
9579960
25088833
8416687
2178330
21852429
10350253
16801657
31910628
7712334
8570191
29884885
33389335
30452856
29654065
18991757
4058667
37770679
33589386
32093304
22865089
30964431
33838625
34979695
3500286
2249186
11593580
27306201
16908552
35199246
228217
27028493
18058572
12719709
6850641
12819338
3027790
15328881
31414168
19856441
25909245
33624605
11072183
26346150
37067258
15316624
21902632
16598421
31281497
1560264
9250169
30476661
22607537
15001676
27332779
25391745
11680641
29506672
22150924
2605046
8392285
15893592
12206484
21400562
15506125
30923021
32787350
32285623
10463225
19724098
30629211
20708551
19592642
15778869
2958026
23866671
16002382
8388548
19621774
30334295
15488395
8873101
37068450
14564423
8485704
28436607
21393411
15061026
19176492
20021213
21526954
37581504
31843897
17164378
23225794
30885857
18383811
33368838
18393842
3344471
37061591
18521117
23288644
8858516
1541979
26530050
31688418
34761626
23174013
8075493
22568867
19255726
20920292
23934397
6481425
31304655
8550239
2011214
8004476
9705589
21080803
21772102
32795357
24983567
18262247
2178329
27712798
26277186
11850833
14648568
19434461
8707564
12687911
25748303
22420586
9588554
22009460
32089990
30421158
19268486
26699553
4056139
31276313
696126
26162819
16012910
25769250
23335162
19836468
11307056
1635809
8823782
29700310
25749546
23881924
9370227
29161785
7614906
7102171
2419579
18651562
23702739
2384783
30460632
30165221
16519926
29383968
9353593
7905792
1448658
32157493
26445861
23922804
745754
32640964
15814359
11937003
9525832
26709659
20199689
15666327
28825228
1944104
3614572
3467030
9367318
17453505
21107611
22270173
3937067
31655362
22120276
36622465
16700618
11801758
31736188
9931455
11981616
20512548
32112904
35074082
18845440
15690498
20305783
6839290
25527451
20860940
11772427
2829270
12140151
19795380
35500954
11103934
8523068
8814171
30239365
22420547
19969462
26687818
26948369
14652272
11370829
15248476
12447667
26831010
26243791
11431342
8780077
18812587
34347774
25408469
18559623
10030268
10678554
23832526
33508649
17990938
30426388
20689411
16292173
19944971
24092421
32764562
16193395
19162636
9217971
31605842
12748009
23500470
35962692
18685489
36242624
15562021
31352632
6536988
10679880
216840
28736183
1996453
31927616
12684670
1696693
1388685
8733968
10533408
15560714
7760107
37541723
28643545
22810135
6688411
10728667
33926683
2154318
36746338
10965651
25173143
20212225
1933879
8616843
207063
12873691
17409412
23743802
7709332
16580506
2607903
28982901
25077668
21600283
20798545
33545223
107380
21840931
20676727
22360815
26989127
35688103
8635140
3969210
29327173
6426399
34608945
25904177
34156311
7891195
12142169
18982627
34353870
3040248
7252556
28567587
15330329
14719441
12046732
33404912
8277601
28402457
32216098
18220319
3561243
951751
16194458
8813749
26725097
7693337
16822225
10683290
19322536
23544413
11151736
3462340
26741961
9503510
7838341
18575738
27469217
31101934
35235137
37477671
14765390
8490262
35390289
10861879
501398
1720782
37355932
15129840
11292223
26391231
8390590
36587383
17432711
24913303
28257280
28416018
9324667
10450351
3142506
6239988
36822675
25332049
15349736
24660715
22607535
26888042
32077034
22426639
11473733
11327556
11202564
11104448
27871448
29393189
24773415
26219871
15218952
23392431
15803013
2319936
10720208
29374278
11717178
25411122
11445506
28148844
36308741
7614929
18854668
26828647
33228738
16804618
8956623
29728237
37116355
11391622
9648286
10873600
36074655
15735914
9853135
30298595
16506145
12717930
27624640
21345610
20890616
24771250
4088449
9440027
19575848
12952305
27809598
16239893
11790878
21294620
33762461
35414643
3618305
8186298
27528791
24847086
30849537
22415423
30475990
895980
12359368
6169141
37061032
6546201
27742117
24395699
8824361
10742153
17852589
1033470
16598430
8190295
30222164
36691030
15561532
37141655
12968495
27889022
28596159
29189102
26058947
9145165
22716052
19669097
8164795
12031887
600348
25491948
30621205
34717073
22617237
33148506
24251857
8951201
2573571
29385852
2883605
364590
34862538
24917309
11534782
16714455
19322537
9719106
36413427
33653816
8526195
529330
8870831
3177045
22641075
22807580
26053691
3318147
4034954
560639
21059873
2278892
11210172
9212020
723873
24748256
2094618
19537132
11143259
37179515
3500734
31752162
36086055
12242965
26836205
31808968
29802593
37338739
35782130
27807698
15147056
17519562
20577929
25697539
12112362
15627206
28548710
8490316
34360713
15595331
23393882
23693135
31432139
30243597
8420781
34970309
12071545
7669419
16551982
31787534
23149894
25054297
10374322
20950083
21076468
23417461
23047184
24008533
25816085
7972899
3040056
26514607
9606106
10360814
19663312
8289093
18369176
21436471
17456036
36280045
11856595
27395057
17368521
16793509
34747065
279709
31792337
2720563
19560737
21194343
8523026
25054298
9263495
93255
21329792
9457271
34304361
32902137
23599232
992001
25038272
16138122
2929182
22850572
26207712
26726947
20433263
11734311
2234343
30105412
1560255
36757526
1729308
33778721
17354817
4029881
12682316
18810924
3879853
22082535
12070665
22050022
34052450
17960325
35168418
23350233
7854538
22127045
8043461
29981908
21061143
9862294
23047041
22228339
229200
27194146
6285218
20552352
26299462
35579144
2450183
12625748
3560448
10423766
14567610
17946561
2096082
32000176
35866298
25383446
22543393
3681425
3793550
25112511
21110824
34974248
12296660
15688420
16258447
31000381
2294479
28765227
15853206
21946085
6979003
10084669
8095979
15031974
7714614
19903171
1614593
23201264
22618715
36548176
22419752
31605893
28521349
17634182
8832466
22939278
32548295
12624786
1733555
24005159
33353366
36209946
21054076
15140406
17164049
22451194
35064290
3974874
2012622
24111225
10394589
15213638
7964978
9428347
19841428
37019612
37542241
30790007
6283644
8175402
10697554
16465074
24138870
34724065
16498138
35476292
37817066
10066093
19521422
17018136
20124501
9865917
9420066
10350260
11080235
33924881
26339959
9501333
25667447
9077524
1357659
21384082
17701911
19301968
20714900
2213048
20332038
9440021
22548369
15690125
23247637
10930772
31955441
33341849
22669471
11135548
28506487
25921022
19933626
17106834
26376657
2983878
3723177
32394100
2184378
10353730
22286342
12622450
16382120
11707839
27282399
36809883
8476653
21909835
35994156
28570730
14728940
28948065
1971702
20073020
8499795
22537657
24762496
29074632
15674397
1543164
29069098
1553392
22879062
1333261
9178825
12776191
4056137
17032563
1383847
27589569
1654405
21780986
29654937
10584921
6410776
36290867
28921714
22575435
16527438
11839836
23277376
33881558
16775277
16525187
7381553
19957014
7976602
6327063
30269590
67836
21566516
229201
1660055
8239677
26699288
32174197
2425281
23239454
11484819
16673237
16541280
21771868
1667267
19467988
34787008
25693930
30530528
6350917
15254802
29774871
25434379
16274062
34762854
16700040
30072065
8061896
24913151
21029453
7626857
16598427
26839020
32428764
18687551
15170889
37099477
25432178
24412053
29958017
8383543
14740095
9139503
7526626
17147897
17964022
7383251
33099952
7856376
1716031
19343270
3343615
3003264
25475914
8019049
27717499
31096242
30385717
1333263
26703785
14983496
27804208
33373375
36828388
24026531
36593801
28906259
19639523
24722970
23866361
34260415
32503366
1316572
20805657
15773347
29330658
15170895
8823775
35713127
32122556
20420692
16455196
20577779
37243744
11383935
10027491
7057973
30488843
10222434
15674480
28342194
9210048
30439398
25303668
16053223
9449743
33586764
26647408
1851288
1343190
12719975
29893273
25556988
136869
12494905
34935978
22891021
28052648
6321671
3613100
2932540
36362215
10598694
10898538
11461077
12714953
22275724
14647916
19234232
26729270
21534205
15035339
1505124
9092853
11201640
2098509
29307358
11857366
22114857
22120608
26768492
29860422
26008980
573097
27686469
10845396
28564668
2339593
35727568
15510948
4020499
2234367
20651342
21548751
12113102
31658578
12507389
732979
16140629
1111955
24837630
20925003
15798629
20868305
8470916
32278653
15327750
988494
26453781
21198157
29651429
2293696
9791779
9083553
9092852
22050020
32980778
29805974
2479849
28922334
34287265
20380883
7787249
8043463
12918563
29508764
30002054
8677340
26141852
2227682
12762880
9584957
22209148
18272388
1407352
6410857
31515159
21810410
9757340
22392522
24328871
1330152
3329863
1268044
9876249
7780986
29035741
3723182
8353451
33576118
24049111
3574621
9773538
14519230
19560742
31183364
30215121
17050514
3501073
21080232
24789256
36671862
22213469
2693627
36401207
22713877
29900547
1939768
26588456
28534507
15844871
14562547
26635474
27837553
25957771
31442061
20305695
11105714
8988497
25028970
22594899
26958289
8420891
33027969
8876887
3039433
10440196
9555626
15527087
27481498
14765392
37322295
1690457
11003565
18763539
8846951
20966647
3332719
1919682
32313150
15154631
23029030
21869725
23344256
1220643
25936680
8940816
10330507
25916329
12425506
21054116
19296116
33068685
24328874
14670128
22088950
33517305
1791937
19212774
14561921
3329840
14669534
35981496
16652341
11740177
8847557
9400646
6179720
28059650
18401816
4060734
29356229
32791221
24152975
25644510
17874340
32096067
21692864
17605044
6361219
15176300
25645959
25106500
2168729
20815915
33554678
24752707
3738721
30220118
36067205
26673168
31911200
15956517
27792249
8599962
20101216
11896438
23526409
8090264
23909806
3660207
34919158
34204841
26302289
1666306
10581851
3534777
25722047
15014903
12115353
27012387
7105888
9516974
27469219
10761647
24905560
182103
10437379
23311714
25955808
1337421
23708867
17761056
31464930
8372294
8729908
11245278
28481733
10507375
998089
20572164
17516507
26666764
31662569
8445269
36281691
11891967
7562003
11607767
25603104
2588925
6811278
21721254
3945908
16443948
8579861
28117259
6728164
19168213
32375856
1497504
29156054
28121927
21529134
32607869
34737183
19784809
6986979
36884201
2294187
21955616
31931399
31547109
8953256
8393813
8246210
10206159
1583554
24780495
11210477
33611710
23252214
36598964
31049574
12778012
7684337
929034
20066051
37268805
3173660
15452904
34359046
21473001
31694035
30787250
29288860
22015945
10449133
17619826
22745032
21226307
28845038
31658579
27664860
20092374
35192120
2026378
33372372
25374202
31565905
15665281
7766382
23359078
1944839
10812546
9251109
16120931
25462193
23950863
30825966
27063424
11857005
11106272
37741643
20708554
16304988
33926689
11253051
17431547
11951401
1649613
26643586
23465617
20978806
27579610
1737331
24274717
24857060
26926051
12680795
29247539
24184972
804634
28792781
11304039
22379852
20828632
25542482
33733707
36947904
8382347
19357955
27571577
28488122
14565162
1880567
12407441
1373025
1124484
6261914
11519852
20731441
30538199
27385636
15840544
15650448
28627634
8627343
3394549
29546530
16374884
32386126
37756305
11519330
15243726
10599057
8874864
8857648
16462133
26743385
21538040
9154761
12605978
19584260
17238184
23686309
26626226
36252191
30601636
29356028
26104074
15026350
14598510
11898524
2634392
31301441
34148943
31613783
32714431
19494568
1432031
23883554
17634847
25192704
17004954
32970937
25824556
2547552
24108471
28212737
4027909
18538491
19424825
27015212
30439524
16580791
22932670
22362955
26355275
2284937
2098503
15093927
14980531
9861648
26935340
16563655
15814919
14606584
22440873
8948339
25681012
12663725
26122975
25488163
28837904
22339074
14682379
33411201
1295040
30071778
9384204
9377333
26002447
32959422
32608375
27777041
9049887
12704821
17143513
17964025
28688336
1403119
31492982
1300460
15269478
37108208
16794649
21835942
17317977
83910
26737904
16378678
31324817
19770760
23144293
22596013
3961211
23575267
30808034
18726061
12057095
25518914
25622812
3031228
24590402
12057111
25662896
19944963
18353751
21725853
3748300
15925587
26918468
26322780
24297113
26819443
24368543
22068108
2029469
37743335
27161972
19535875
12507082
23906533
35289001
33572092
23382118
9626669
6579317
2287389
919980
21674845
36193074
24633919
23095835
34642734
28744324
23319111
28421460
17906866
16619657
2161415
21121788
32149382
6236289
3003786
2319295
22909274
9673360
4024871
20231676
383267
10231906
33872106
12587269
2585029
18553084
7524329
21786432
16941163
9760072
20367077
31132498
28362236
3889810
8468605
9989448
16960645
23205788
8190303
1458466
24058011
1984489
6571437
16733653
34554269
23114751
18341402
21391213
11702135
11425576
29874420
26761637
1146504
12759509
32726488
9679748
6694791
3315167
20437876
12892228
3915642
15015561
24103669
33400339
7431071
17127461
19779861
11896213
22459128
11770295
21875834
23677749
22747092
27903198
8391143
12296640
12530592
25831997
32415794
8236504
37120317
31829748
6850640
29190632
31108561
16166308
3588761
30128689
18953587
36638155
19304503
21338041
10664370
2081277
24376744
20539335
10656438
32616776
24231562
35115669
21987288
10319332
15633390
32421988
24559485
29774869
7866580
25124644
23257692
15833979
29797180
15827123
11846038
31601988
9924697
15159479
25551588
15331444
18002778
10719849
6571332
1503032
27019082
15131896
15627023
10363255
7407756
9874464
27072248
22794284
16794247
36933956
17611638
3990949
9605755
36244332
25315281
22341619
33300749
22910852
8781598
9430131
6595057
24525740
7106669
17917588
10363257
19404715
28455540
34359952
60169
23207870
24636404
19687467
23521683
21415462
36591634
21086192
10933059
19322538
34333725
25599201
34949203
24197478
28269606
18755558
11995429
10515229
18398575
21870085
12944701
4042108
10990505
33472850
6477171
74147
2754453
785968
9474297
25050814
2841657
1498059
2701768
4060043
17895618
11768575
28729142
15606327
20233874
10653164
2547631
23784618
2372165
21909136
3924544
8506405
2206859
37139872
35206503
12393995
19732031
221999
29642484
22286386
2640492
32108244
1310889
2464337
19235591
11474258
11146612
9522902
16079785
1211512
23763899
25697644
26385488
3213641
654184
21862232
32195924
23033590
29610069
12888935
1183255
27742444
12960934
19094437
29460911
26590662
1938597
6847894
8625178
16875833
27203145
2537015
32032648
899787
6600951
32238824
31570484
12732482
6879412
11175648
9780140
210416
15022981
21634197
31409545
27461395
11118044
20068429
22277391
15153840
23780403
31925436
1271088
28725965
9025780
14529825
27180580
12712432
14728938
26678299
23571774
8071684
26871473
11867941
26231514
16099568
24976141
31096244
37438656
11165544
11452934
11322440
6619931
33560373
19394240
8620500
16461784
177186
31984871
3080944
32462353
7988796
28790487
3598625
6688376
15844876
1492678
23404553
22918795
22419606
28292958
34169864
12563405
29016919
14742960
2264782
33637608
36653382
23662929
19458546
21273512
29023876
11519170
189246
27351562
7976595
21735116
36577183
26237571
20034558
22965831
32666154
15693637
12415204
2265415
22429330
32374469
30664534
22116105
3185360
19618858
31548224
15529789
16642476
6288221
24328878
8378797
12125967
34665390
31205150
9028743
15056462
32891713
36168213
37263284
35767281
7743242
6302562
27513597
16550008
19148944
12088104
28385884
35644559
3588993
7889496
27902458
25342206
6798430
6735761
19181254
24078694
19570041
3066855
26516224
2762740
18952582
14665823
1658584
1300630
3276383
12577023
8514542
15139589
19290481
6881968
29086194
19575148
11415906
9240656
20424371
18077983
10853323
16807780
18728600
27643398
23367115
23378178
16896310
8755351
7884826
24731571
9500271
8523081
442982
27108246
1267304
22719073
2322133
34288112
3185884
26004870
24033491
11489483
3182352
21306833
26725098
3927651
7717143
1265620
15958089
23488163
34196814
18500200
10441865
8587672
19019174
16506167
24818720
36950977
26130743
34190524
20027576
10778726
23212761
9396606
1682428
25186100
19937238
743654
23352966
21527563
18247132
29588239
22429494
31059854
16865674
9457808
23609361
8310142
29307349
27681767
26194534
27179361
27034984
19408090
31560705
8699235
26910903
1314890
36850942
8166125
10550145
17543444
28391295
26967053
35348062
21448942
23732993
3018852
32117316
2132928
10896206
21240684
29558382
7723383
16239656
6750059
7322338
27758687
36206948
32784071
10363165
7021770
25434951
8513454
28532151
11104970
3367657
19707002
23373446
15249712
33524220
12759234
26926066
30532191
22230517
17207692
26967254
6340407
1471925
24849427
34751321
35976319
25496194
19841431
19435898
3920875
32188609
10029807
30537699
12420128
7502736
26053457
25802405
21313955
26719691
27670420
91123
7530483
23111198
1823345
2927684
2806009
23376539
3077651
23859240
11003273
2679480
29976640
24328879
9463558
2319291
442983
11882790
356525
33543627
6207451
1308386
12469787
7753320
18277052
12687916
15497114
25588723
3486950
21526678
29697883
17504298
20514416
2715168
20936488
17642197
30410163
19935438
29726109
16478665
10390770
19484406
29301833
36980973
31974077
24645339
16821630
8832462
24251927
11416111
10210222
32608372
8176408
34951766
10433104
2022971
31028985
33668856
3683777
3806138
12623642
4031969
19303303
11922187
26861100
12707848
9229145
31035417
28478245
11517970
1869472
14649885
32132974
28603776
35075670
1337410
18184842
11713365
6284657
15750623
20884210
16203285
17154075
24485463
9677449
23256496
17934288
36541551
16123777
23179497
16223182
28638988
24991807
8080363
34973309
15514588
32213992
16733656
33568653
31727217
1588436
16582594
15139067
32176627
9205092
8804816
17020983
2263313
35838810
315522
28283219
2135964
27072104
3217280
11916550
36332475
10728909
9189764
2006083
26314301
18240920
7502982
34887247
2922250
23968175
25627979
28655028
37289981
35216098
10473207
10202187
12821854
34968631
7322256
20844987
3257221
19951051
19381443
6577143
15858707
8171973
26276806
16714862
30885275
16630913
19467880
12931300
3511557
18842767
1486561
37356755
24335695
34671362
9752988
20371594
32620474
23564131
1274656
36348014
20156135
23321383
23232505
1210957
29186601
30963289
3325088
10190159
34891886
21917677
34648981
6586113
111871
10789910
9049882
30810822
33545759
16566078
34204248
30401823
9075781
11687903
24844376
7838328
16788387
30475580
24139245
3019600
8576677
3964491
30989383
12926228
25853311
9773550
11311919
25323739
33417503
36121548
36768856
24697039
15558578
31790843
29971621
36112671
22440877
9500220
15667955
11354345
20524466
8804043
8742485
3357030
26190591
17284107
11568904
6387062
7340311
448418
6098291
2195638
9591724
35989449
1617673
28424417
12886974
32861903
35676215
32008569
15581023
8677341
975700
10766172
34681842
701507
31176951
18278560
20146231
12499975
36059419
10954033
2547032
2053579
34352452
6679439
28321604
24201756
36906328
29905840
17212144
8823490
2234294
833641
15105980
37343520
28367610
201880
24111709
6880487
17273766
36947028
2984797
19814834
29581022
15739562
12697889
2171066
23831947
19962851
25438814
6375567
7547461
21527366
33746099
9892096
8150888
34225021
8951358
35686901
24438804
35938683
18240923
26830089
16509144
36536420
32977032
1929205
8862978
6498740
27280694
23637365
26710833
19109410
18545790
3329867
16280677
35685667
7099376
20672357
1374202
7595755
15949231
21213123
25034143
33152747
1370394
35883576
24505127
15477637
28386786
12929588
25622897
33596780
26307628
2809745
8034460
26111385
19075807
9468593
10710199
33758954
29485079
19485727
8027810
22462708
12952297
20962551
27568206
3260431
8635948
10723201
1407471
9541923
2985483
27039944
22185645
25791129
22687533
8917404
7420150
17221335
8817418
32769571
15864706
11591018
21848914
12808493
11498420
16175354
35970913
26122685
21503829
35915448
12117318
31182288
3612459
8741372
32244528
23979681
25682201
10647598
2923560
8191646
22339228
32216636
25877939
1944108
3867266
36867460
10880027
32351215
16422357
7847163
12892232
25150762
18006942
25948789
11096361
26676655
32079461
2674353
20635074
20196536
33819710
26235208
7495523
32329413
31780784
25111383
10188590
2396539
21203894
8803437
12057797
27664193
8813111
8494332
21629879
51055
19582432
2997419
32780271
25065848
32641194
12952304
35122612
32766947
9876471
34906194
30072063
4018113
6527144
27412562
18723295
15340810
20146219
34693506
9616774
7110494
34330091
26669865
32992057
21878493
19381444
7355676
26767516
31680274
23810102
1197464
17690754
17335082
15094713
31581411
21983849
25506833
9949973
34363813
7248896
32845507
7861189
32665301
23817808
34482061
19329863
21036467
27581318
12800203
3947035
11172594
37018589
7849806
11688459
15185766
7850717
29028423
543390
11702874
24289311
7662412
9547950
20472134
19367259
27262996
23060106
11037180
3437947
16010049
34166114
10550591
3617765
2002377
31713017
28326470
34425783
9844619
20418471
34919736
22241388
28038959
26768885
16904526
31145197
12192502
34194287
35842717
15527076
3211281
1186964
29681904
9293808
35312937
36030073
8522328
28606739
207103
25027187
11631
7693083
9876245
32126547
33978121
26948368
22624417
29876282
674649
21114385
18500499
19051504
10218349
7845529
6088712
9794202
8353450
15822815
15527103
7547081
35844028
11960378
12483443
1498161
7231684
22547846
33395995
19944975
10080516
207143
3276837
15043332
3404235
32278161
2109998
29935156
28017683
7795734
20429362
20413433
26014025
19016044
24585442
12365722
6572746
14558599
9818693
22069705
4077447
11753995
31307824
7568227
12498490
14697002
4060934
25881804
19303318
6238097
8748776
8006655
33574616
19430795
22560511
32078198
33081656
9619999
23086435
16525702
11507045
22929942
16193846
22277560
19112942
35585468
35047149
8823780
27470587
37537514
16911584
22832216
30478533
12407517
9210059
22889669
20398058
2846302
3316117
6760331
19329862
29604507
230047
32881313
7259591
36171505
32034719
32916131
24797437
34672256
21183395
1332134
36882595
30097824
6718039
27908187
35473525
14765386
2736546
2783455
35246144
2698429
28588186
17964788
36271873
29147860
27815396
22972709
22810127
12482624
1416125
14635078
25268071
11170309
30165231
11463802
6538653
31138805
30278527
6312768
3020466
1705105
17121886
3772471
20425038
34213401
23042716
22339792
8900894
30072368
7250956
23827879
16924996
11194964
10472327
2477945
30474572
21720806
9711749
32623467
9018106
7528789
11220392
17117071
19963557
26791479
19464825
24167321
27070917
33392634
34747785
7810295
6729860
19359117
18392417
20802363
33274823
10532775
21909104
19680645
1663782
11867393
32921351
21584746
26536284
9854787
33402101
3880907
24677622
27393294
12588918
31445095
35710493
17635201
10389893
26238362
23622073
30019255
16918387
1584966
29990981
22449215
31615806
32157367
22056879
11793282
2080336
8221574
24092896
29520561
1986145
7731519
29307348
27401449
18289306
26659251
19415468
24965186
17487452
22623401
31526886
30160028
9618694
22339327
21031584
29315734
29319208
32973267
31243219
2086738
7729942
19618855
751611
21447854
16116554
4013672
1011018
3500686
3312404
24806463
19216998
33152694
33487259
23584801
35286389
27161457
10427354
9500450
20187349
27909286
7959969
1023786
9818280
29558959
28904651
1631766
21880363
9703883
9007399
196583
23886218
28623138
7917095
1181393
2135975
1823342
35522780
32271693
37526375
29076001
19816962
37194509
3703224
11587059
20679741
26215106
16389624
22256190
1563840
15287457
27231978
30129690
20711790
2174470
31029526
7680784
17475961
37026354
25481014
8009416
10437675
22691720
888068
31642351
14630281
6746359
19409246
7476084
29990969
16998275
2804999
19785020
12296639
2098505
9560008
6487174
17534392
33454856
28654387
36880363
8832661
11217275
9861650
10232541
15050571
9812423
1886674
1206733
26076490
8542597
7638509
24130882
17279429
3545039
12580543
2635398
29417766
7857132
20981692
28321787
34563433
22236673
10930004
3855355
3171628
18782002
22401579
16118272
35412721
27757722
19466671
10527772
36296440
32400216
7549366
6470775
32738652
26253141
17326043
34597054
23525755
9025741
2033446
24918622
19198758
6744584
11922389
2440200
3176756
8561938
8099208
12577293
12015644
32858469
2855780
30117022
9746910
1407288
26575352
19923840
12903019
22843450
12952294
37329621
24519935
9267886
1540824
11355148
9422581
26705911
36878404
29566179
14707492
9233039
15254663
8905744
8313377
16142372
31955351
30655315
33963236
16708548
16709028
3369870
1723162
17433452
31257709
26523659
33025283
8789798
23300285
25532134
7539282
36013557
37039952
35373885
10697232
3225642
26564438
10361361
16151595
30703513
26264609
4059810
15723236
3562895
17219803
8080851
31688641
15485613
11950637
12646238
12357304
30544297
6330877
33766119
21337410
23899985
20020842
2073335
27132079
35500993
34665955
12464445
22155992
20531304
62423
18309946
7124472
9494864
18441552
20095355
33080024
24852229
1429083
31385529
27690658
9754986
28087392
30308086
2352020
23248259
19830691
15880582
17032562
6259501
36461120
32629469
6689712
31392641
29990982
14769143
22988917
19960229
12454020
27467557
21796002
24282137
28648712
34769368
33963808
28737579
11251012
29116009
20204381
18184849
9253997
16163039
35306574
15339216
9766311
25151984
10837942
11295350
20960323
21822049
8200000
18030336
34795814
22234893
31561044
22161228
3723991
29739361
223353
16873421
8389241
22287028
23082648
16390029
995136
8061386
9774817
10880026
29168082
33165231
31015130
21287538
22895403
34927514
34509254
16218307
29989524
31383953
26722760
25173140
21887683
30217722
821674
11070094
22888653
29063238
6855653
24189182
16871873
1274660
29524126
9126309
3225643
3799126
8730195
25906400
15177385
6733683
16284142
34988920
8124091
2173160
2704333
16378864
28406082
34918112
1335137
25525695
11175337
3944630
6302871
25939440
8865001
24445596
6987339
4093991
16215811
30485209
8546112
9440745
21666852
3785551
25139333
27764843
9454108
14712306
35774412
17544487
35962724
17113463
35344871
34874214
8980385
2443624
1392587
17538176
9861652
25535132
16146213
26707628
29361626
12365648
25609475
20842407
2685042
1851284
23956130
8867693
16932504
15925794
33843936
10603031
2338575
9892094
36708918
22464322
8397926
22696210
17227576
3998835
11719427
10949217
15130288
30166433
24147065
20496160
22941336
32207448
8574047
6624359
17535568
11126910
35209854
18478111
18245140
3957169
22957754
21885075
7842433
27481571
30187487
23161096
9932890
7595756
11433194
14501220
11228541
8494905
30467811
18959462
29914429
31806885
3329868
15610986
14556472
1587752
23862743
31907037
2794820
9414429
34101090
29845426
6699693
21908444
11051247
10487566
20825287
34794152
24212443
16015498
34303851
14742946
18832997
28741043
35212779
32683297
25378632
12814258
12405389
22103481
22795806
18463803
27142828
2913216
2478838
4027912
10979266
7523971
24748257
25175716
20463757
6509447
3598684
16719170
3218550
11004312
33721109
32602099
10679876
24935666
17385172
21334774
32472726
35971309
27401152
29221966
17222787
28675683
2136755
34419674
20960326
1180743
6410860
19618853
16328157
27050167
11206266
23996470
27147159
6462464
31948735
9452830
25432177
8121546
2731139
12898637
30311004