28516751 
30239861 
33069197 
33273172
1361524 
15612600 
16778750 
17032559 
19238661
9879457 
10652582 
11051794 
11900859 
12216107 
15993075 
16245217 
20521177 
25054358 
27463526 
30935361 
34061562
2558501 
2643496 
3729310 
4027919 
6098128 
10100707 
11151727 
11408092 
11816741 
17725214
1016286 
3801549 
7582248 
7651591 
7793096 
9949905 
16900783 
23944103 
25241806 
28844173 
33711670
1798908 
2192793 
7546012 
8597115 
19618856 
22497851
1608541 
3808569 
3900810 
7745467 
7882284 
15756927 
19587462 
25783972 
28395087 
28493234 
31917601
2464270 
7843802 
12456378 
15877531 
18046441 
25792036 
35715607
8367211 
16988585 
24169416 
25037494 
25139406
3973708 
11134091 
11496317 
19107440 
20860895 
24896362 
27281939 
34739635 
35704146 
36191126
6964044 
10895165 
15816119 
20075834 
24881141 
25037493 
29429648 
31918786 
36841424
2812355 
7931595 
8402649 
13680293 
15612598 
15757449 
18384511 
22238331 
22528799 
24061639 
25175689
3560451 
6384434 
7807193 
11120864 
11342692 
12271818 
12722932 
15645005 
17157785 
17593388 
29791066
2288775 
2990597 
3099535 
7965140 
10597192 
15612602 
19770657 
31749132 
36154607 
36314394
1648677 
8329302 
8494908 
8741689 
9241081 
10850867 
15593389 
34806136 
35419084
19322535 
25142793 
28303493 
29802595 
29890272 
35067500
17538177
2262373
7794250
9503517
36400017 
3213427 
21533813 
2395512 
20402394 
1695101
37743328 
6761344 
29391205 
25768332 
3496430 
28967635 
28339700 
2080375
24328865 
12724228 
3729448 
1583854 
8393842 
9482679 
26948345 
15612603 
10667228
23037605 
19357959 
6303729 
25382612 
189021
20536289 
1456739 
1743696 
16551993 
29687323 
9407934 
22520479
31162240 
2667588 
28453743 
2274129 
28748347
22294272 
18521796 
21129060 
17244552 
10049993 
10928105 
10896208 
8657489 
7538161 
9804370 
2750486
1020546 
7692323 
25976260 
6086852 
31123752 
2997416 
522954 
34092558 
7523634 
34509751 
26459515
15485315 
18374501 
17447046 
12168843 
12357552 
19409045 
22632886 
21768887 
17987960 
17939769
26376741 
30993541 
31853548 
34623468 
34092569 
1882640 
28691414 
22821367 
34054040 
35768633
17636068 
19159078 
3812039 
19430698 
8008171 
22350668 
15328205 
9205070 
7509461 
3572470 
12705813 
20175962
25468226 
29464548
23909061 
26026669 
25866320 
29322427
2992677 
6401866 
1407435 
1710320 
12241105 
12140754 
1789685 
6577813 
9503511 
9818841 
9252700
19182242 
16030117 
14727688 
18648328 
17721931 
19804368 
12722674 
18000980 
15015671 
22528793 
15236125
32377829 
22702213 
34303558 
27072750 
34613491 
29478614
8621248 
7007589 
1967302 
4005831 
7443176 
8699239 
10023002 
37488051 
2352372 
2396538 
3488031
16330944 
17825381 
11064393 
17262828
15140402 
10885653 
18831033 
12564764 
20336349
21577129 
26328970 
22138445 
20425041 
23775285
1407341 
33270865 
27526097 
1450489 
33239357 
30629215
1992913 
2409734 
3001488 
3020865 
3976624 
8113867 
8287355 
8621289 
10746685 
11055797 
11126911 
11136998 
12092682 
12197239
23211553 
24453059 
19369008 
18412241 
15249715 
21082387 
16132504 
26002233
27935156 
30528355 
28993028
32725495  
34433223     
1690593 
8005794 
7900450 
9447625 
9210058 
11358858 
9703825 
7808603 
35641277
20192643 
16266053 
19076777 
11780459 
21955925 
21165751 
11831641 
21416251
23789953 
23550771 
24481542
28431179 
29071695 
25017328 
27834580 
25529918
34591198 
29931654
1374918 
1423198 
2113427 
2527972 
2679824 
6097099 
8725198 
8898288 
8974619 
9293789 
9427964 
17912447 
18405078 
10581847 
18390424 
10964598 
17250431
27029475 
24944262 
24599439 
21999731 
23052697 
25003486
30693642 
32691644 
30478893 
29158366
35984480 
2980514 
2296651 
2442448 
3259730 
2697177
3359443 
6259745 
6738895 
7139569 
7745469 
8239906 
8629400 
8883072 
9080351 
9264362 
9657495 
10440107 
10541237 
12963964 
14977201 
15113479 
16244591 
16440698 
17239827 
18095136 
18665745 
19038344 
19433011 
22816225 
20965731 
23139079 
25899850 
24859855 
22617234 
25054580 
23429371
32020379 
28770964 
29632053
1443043 
3329864 
1682794 
2645835 
35102991 
1518162 
36587380 
34463447
8060132 
12503076 
17078789 
3808167 
16861159 
18652516 
16772875 
9525810 
9151220 
19022744 
7745466
21784068 
20862485 
21327735 
21436507 
24141276
24590691 
30079884 
28716813 
30900987
36825454 
34235627 
34915356 
37353350
16398466 
15700835 
16158215 
10866346 
980206 
10326223 
1667249 
16599187 
1331348 
12060344 
8741370 
15024957 
11415902
18533921 
18349284 
17236582 
23084660 
25667480 
25652347
28525188 
28341992 
30883663 
25911198 
30504543
35535842 
35667619 
3079493 
3550502 
36634606 
31235670 
2334169
3683879 
3783265 
7531379 
7795725 
8692923 
8832653 
8900378 
9361058 
10487247 
11344821 
12068368 
14604226 
15812594 
15899798 
18490242 
19086439 
17257132 
19927122 
19965107 
19764565 
19099672 
20801625 
20211708 
16990846
23731617 
27438020 
22385171 
23585688 
21824890 
26359420 
23051935
32202737 
2771068 
28260349
7568827 
7700478 
7970182 
8301315 
8527397 
9015080 
9743957 
10379337 
10552096 
10850451 
10982004 
11837537 
15164981 
15547706 
15905615
26564071 
23826410 
21861197 
25450387 
21298772 
17415198
30609184 
31194284 
34198284 
28486641 
33690230 
31044567 
33028729 
34749021
8523105 
4056902 
12379912 
9190699 
3729491 
7198835
11765844 
6544119 
34979640 
9500473 
8164058 
10935229 
3902206
20814658 
19633924 
16198917 
21786247 
15897582 
12456339 
17562554 
16475710
23918147 
29930212 
30060998 
24445767 
30681550 
25868602 
23412799 
27115743
8586464 
2759715 
8876132 
37743337 
6174892 
2605041 
9876472 
8213081 
10401596 
10206462
11310919 
12002056 
15853207 
11197866 
16804715 
16872076 
19249579 
15565811 
16961139 
16389943
23948902 
26022855 
28104717 
24857135 
28499219
10374339 
1383844 
32553924 
1286726 
35830573 
35347632 
2141872 
8740561 
31820275 
33349075 
2681875 
35179708 
8509820
20118657 
20167814 
10531783 
11152340 
14522905 
12567456 
18647264 
18768229 
17909991 
12403562 
17541421 
11563634 
11826363 
15624764
25022336 
24640739 
23700325 
24374326 
25646527
27893285 
29028584 
34591980 
31625676 
34376622 
34984433 
30693650
33860759 
31375903
2697376 
9100674 
14565163 
18288395 
1919678 
10572718 
10201297
17503347 
2415284 
9825943 
2180410 
11095486
22104961 
25105827 
29135108 
33502214 
19183852 
24842956 
34105205 
24937369 
34427324
3499584 
2541957 
8418502 
21674763 
10651020 
8121549 
21129063 
12814248 
17483310 
1738033 
18396787 
2213114 
21317885 
51071
23625089 
21879178 
26935297 
22821382
11837749 
7848917